"A,1 Log Mag"
"Frequency (Hz)","dB",
21800000000, -1.034456e+002,
21800125000, -1.024820e+002,
21800250000, -1.034070e+002,
21800375000, -1.030178e+002,
21800500000, -1.022033e+002,
21800625000, -1.025766e+002,
21800750000, -1.035469e+002,
21800875000, -1.036910e+002,
21801000000, -1.029833e+002,
21801125000, -1.032469e+002,
21801250000, -1.033986e+002,
21801375000, -1.043386e+002,
21801500000, -1.018510e+002,
21801625000, -1.019287e+002,
21801750000, -1.030368e+002,
21801875000, -1.025321e+002,
21802000000, -1.033877e+002,
21802125000, -1.044013e+002,
21802250000, -1.039188e+002,
21802375000, -1.024645e+002,
21802500000, -1.028940e+002,
21802625000, -1.015254e+002,
21802750000, -1.029145e+002,
21802875000, -1.031616e+002,
21803000000, -1.033255e+002,
21803125000, -1.040349e+002,
21803250000, -1.026545e+002,
21803375000, -1.022670e+002,
21803500000, -1.027653e+002,
21803625000, -1.024054e+002,
21803750000, -1.026244e+002,
21803875000, -1.038854e+002,
21804000000, -1.041190e+002,
21804125000, -1.029532e+002,
21804250000, -1.032914e+002,
21804375000, -1.027040e+002,
21804500000, -1.031964e+002,
21804625000, -1.029557e+002,
21804750000, -1.028951e+002,
21804875000, -1.022243e+002,
21805000000, -1.028786e+002,
21805125000, -1.026476e+002,
21805250000, -1.030222e+002,
21805375000, -1.031358e+002,
21805500000, -1.020722e+002,
21805625000, -1.037368e+002,
21805750000, -1.031017e+002,
21805875000, -1.045712e+002,
21806000000, -1.038920e+002,
21806125000, -1.026114e+002,
21806250000, -1.027480e+002,
21806375000, -1.038839e+002,
21806500000, -1.024213e+002,
21806625000, -1.042717e+002,
21806750000, -1.024418e+002,
21806875000, -1.027673e+002,
21807000000, -1.027641e+002,
21807125000, -1.035850e+002,
21807250000, -1.047550e+002,
21807375000, -1.025467e+002,
21807500000, -1.020177e+002,
21807625000, -1.029842e+002,
21807750000, -1.024587e+002,
21807875000, -1.027708e+002,
21808000000, -1.011984e+002,
21808125000, -1.027402e+002,
21808250000, -1.028877e+002,
21808375000, -1.010546e+002,
21808500000, -1.021392e+002,
21808625000, -1.043663e+002,
21808750000, -1.031512e+002,
21808875000, -1.031540e+002,
21809000000, -1.018286e+002,
21809125000, -1.032523e+002,
21809250000, -1.031008e+002,
21809375000, -1.042399e+002,
21809500000, -1.028831e+002,
21809625000, -1.037251e+002,
21809750000, -1.025350e+002,
21809875000, -1.018199e+002,
21810000000, -1.032399e+002,
21810125000, -1.036835e+002,
21810250000, -1.029907e+002,
21810375000, -1.022033e+002,
21810500000, -1.040907e+002,
21810625000, -1.028421e+002,
21810750000, -1.025474e+002,
21810875000, -1.030445e+002,
21811000000, -1.018536e+002,
21811125000, -1.042832e+002,
21811250000, -1.034081e+002,
21811375000, -1.029324e+002,
21811500000, -1.025226e+002,
21811625000, -1.024236e+002,
21811750000, -1.024600e+002,
21811875000, -1.025460e+002,
21812000000, -1.033278e+002,
21812125000, -1.039484e+002,
21812250000, -1.036584e+002,
21812375000, -1.028604e+002,
21812500000, -1.036254e+002,
21812625000, -1.038659e+002,
21812750000, -1.016932e+002,
21812875000, -1.018421e+002,
21813000000, -1.030797e+002,
21813125000, -1.036496e+002,
21813250000, -1.034796e+002,
21813375000, -1.021002e+002,
21813500000, -1.032260e+002,
21813625000, -1.031905e+002,
21813750000, -1.025407e+002,
21813875000, -1.030459e+002,
21814000000, -1.017679e+002,
21814125000, -1.037305e+002,
21814250000, -1.032701e+002,
21814375000, -1.042856e+002,
21814500000, -1.024699e+002,
21814625000, -1.021638e+002,
21814750000, -1.032632e+002,
21814875000, -1.025519e+002,
21815000000, -1.016417e+002,
21815125000, -1.043546e+002,
21815250000, -1.026722e+002,
21815375000, -1.032560e+002,
21815500000, -1.024694e+002,
21815625000, -1.021379e+002,
21815750000, -1.030530e+002,
21815875000, -1.024170e+002,
21816000000, -1.015519e+002,
21816125000, -1.024372e+002,
21816250000, -1.031331e+002,
21816375000, -1.028169e+002,
21816500000, -1.033703e+002,
21816625000, -1.022402e+002,
21816750000, -1.031109e+002,
21816875000, -1.031965e+002,
21817000000, -1.032469e+002,
21817125000, -1.027069e+002,
21817250000, -1.030901e+002,
21817375000, -1.027693e+002,
21817500000, -1.042607e+002,
21817625000, -1.031939e+002,
21817750000, -1.029740e+002,
21817875000, -1.030606e+002,
21818000000, -1.019450e+002,
21818125000, -1.040045e+002,
21818250000, -1.015031e+002,
21818375000, -1.026674e+002,
21818500000, -1.034323e+002,
21818625000, -1.023960e+002,
21818750000, -1.028605e+002,
21818875000, -1.022923e+002,
21819000000, -1.036937e+002,
21819125000, -1.040377e+002,
21819250000, -1.024873e+002,
21819375000, -1.027895e+002,
21819500000, -1.028334e+002,
21819625000, -1.033525e+002,
21819750000, -1.022541e+002,
21819875000, -1.026754e+002,
21820000000, -1.042858e+002,
21820125000, -1.041948e+002,
21820250000, -1.029940e+002,
21820375000, -1.031545e+002,
21820500000, -1.025270e+002,
21820625000, -1.028876e+002,
21820750000, -1.033335e+002,
21820875000, -1.029553e+002,
21821000000, -1.014332e+002,
21821125000, -1.024754e+002,
21821250000, -1.014636e+002,
21821375000, -1.017701e+002,
21821500000, -1.037033e+002,
21821625000, -1.021597e+002,
21821750000, -1.028156e+002,
21821875000, -1.018124e+002,
21822000000, -1.028470e+002,
21822125000, -1.023379e+002,
21822250000, -1.010256e+002,
21822375000, -1.025534e+002,
21822500000, -1.025906e+002,
21822625000, -1.055604e+002,
21822750000, -1.026994e+002,
21822875000, -1.025392e+002,
21823000000, -1.038148e+002,
21823125000, -1.039857e+002,
21823250000, -1.024484e+002,
21823375000, -1.040499e+002,
21823500000, -1.029652e+002,
21823625000, -1.024435e+002,
21823750000, -1.029193e+002,
21823875000, -1.027598e+002,
21824000000, -1.025812e+002,
21824125000, -1.027450e+002,
21824250000, -1.028024e+002,
21824375000, -1.028809e+002,
21824500000, -1.043970e+002,
21824625000, -1.032767e+002,
21824750000, -1.028509e+002,
21824875000, -1.031492e+002,
21825000000, -1.030451e+002,
21825125000, -1.027223e+002,
21825250000, -1.036901e+002,
21825375000, -1.033892e+002,
21825500000, -1.034705e+002,
21825625000, -1.025273e+002,
21825750000, -1.036682e+002,
21825875000, -1.026769e+002,
21826000000, -1.041896e+002,
21826125000, -1.033313e+002,
21826250000, -1.018457e+002,
21826375000, -1.032163e+002,
21826500000, -1.036552e+002,
21826625000, -1.031885e+002,
21826750000, -1.024775e+002,
21826875000, -1.026639e+002,
21827000000, -1.023189e+002,
21827125000, -1.033053e+002,
21827250000, -1.024047e+002,
21827375000, -1.025231e+002,
21827500000, -1.023476e+002,
21827625000, -1.040161e+002,
21827750000, -1.031291e+002,
21827875000, -1.027725e+002,
21828000000, -1.031604e+002,
21828125000, -1.042092e+002,
21828250000, -1.029445e+002,
21828375000, -1.028031e+002,
21828500000, -1.028515e+002,
21828625000, -1.016931e+002,
21828750000, -1.029441e+002,
21828875000, -1.034108e+002,
21829000000, -1.020201e+002,
21829125000, -1.025330e+002,
21829250000, -1.018242e+002,
21829375000, -1.037382e+002,
21829500000, -1.030625e+002,
21829625000, -1.028770e+002,
21829750000, -1.020744e+002,
21829875000, -1.016127e+002,
21830000000, -7.271827e+001,
21830125000, -1.023763e+002,
21830250000, -1.012359e+002,
21830375000, -1.038420e+002,
21830500000, -1.024245e+002,
21830625000, -1.033194e+002,
21830750000, -1.034337e+002,
21830875000, -1.040290e+002,
21831000000, -1.039547e+002,
21831125000, -1.032568e+002,
21831250000, -1.040203e+002,
21831375000, -1.023587e+002,
21831500000, -1.033863e+002,
21831625000, -1.021725e+002,
21831750000, -1.035023e+002,
21831875000, -1.044102e+002,
21832000000, -1.032000e+002,
21832125000, -1.021024e+002,
21832250000, -1.029340e+002,
21832375000, -1.020714e+002,
21832500000, -1.052066e+002,
21832625000, -1.026874e+002,
21832750000, -1.049268e+002,
21832875000, -1.029117e+002,
21833000000, -1.025471e+002,
21833125000, -1.038775e+002,
21833250000, -1.023490e+002,
21833375000, -1.032361e+002,
21833500000, -1.037410e+002,
21833625000, -1.018880e+002,
21833750000, -1.033714e+002,
21833875000, -1.028102e+002,
21834000000, -1.026387e+002,
21834125000, -1.029647e+002,
21834250000, -1.028101e+002,
21834375000, -1.036015e+002,
21834500000, -1.020863e+002,
21834625000, -1.021082e+002,
21834750000, -1.027835e+002,
21834875000, -1.015306e+002,
21835000000, -1.018813e+002,
21835125000, -1.028870e+002,
21835250000, -1.024539e+002,
21835375000, -1.026875e+002,
21835500000, -1.023740e+002,
21835625000, -1.028593e+002,
21835750000, -1.029497e+002,
21835875000, -1.031298e+002,
21836000000, -1.027441e+002,
21836125000, -1.036380e+002,
21836250000, -1.041764e+002,
21836375000, -1.027843e+002,
21836500000, -1.033165e+002,
21836625000, -1.017988e+002,
21836750000, -1.034094e+002,
21836875000, -1.026971e+002,
21837000000, -1.036803e+002,
21837125000, -1.027955e+002,
21837250000, -1.025843e+002,
21837375000, -1.029418e+002,
21837500000, -1.037728e+002,
21837625000, -1.020348e+002,
21837750000, -1.015285e+002,
21837875000, -1.024486e+002,
21838000000, -1.023807e+002,
21838125000, -1.028379e+002,
21838250000, -1.035973e+002,
21838375000, -1.028781e+002,
21838500000, -1.033800e+002,
21838625000, -1.029667e+002,
21838750000, -1.025431e+002,
21838875000, -1.029585e+002,
21839000000, -1.039395e+002,
21839125000, -1.038917e+002,
21839250000, -1.022787e+002,
21839375000, -1.032405e+002,
21839500000, -1.035097e+002,
21839625000, -1.029819e+002,
21839750000, -1.023343e+002,
21839875000, -1.032947e+002,
21840000000, -1.018463e+002,
21840125000, -1.025792e+002,
21840250000, -1.029255e+002,
21840375000, -1.032171e+002,
21840500000, -1.028531e+002,
21840625000, -1.033242e+002,
21840750000, -1.029065e+002,
21840875000, -1.028315e+002,
21841000000, -1.018785e+002,
21841125000, -1.025918e+002,
21841250000, -1.045521e+002,
21841375000, -1.034897e+002,
21841500000, -1.020482e+002,
21841625000, -1.021028e+002,
21841750000, -1.031349e+002,
21841875000, -1.021371e+002,
21842000000, -1.016622e+002,
21842125000, -1.038467e+002,
21842250000, -1.022011e+002,
21842375000, -1.022054e+002,
21842500000, -1.032314e+002,
21842625000, -1.022783e+002,
21842750000, -1.034019e+002,
21842875000, -1.026336e+002,
21843000000, -1.047384e+002,
21843125000, -1.038328e+002,
21843250000, -1.032425e+002,
21843375000, -1.027551e+002,
21843500000, -1.017412e+002,
21843625000, -1.040415e+002,
21843750000, -1.023357e+002,
21843875000, -1.028978e+002,
21844000000, -1.036812e+002,
21844125000, -1.026771e+002,
21844250000, -1.027334e+002,
21844375000, -1.035983e+002,
21844500000, -1.033082e+002,
21844625000, -1.031229e+002,
21844750000, -1.022642e+002,
21844875000, -1.023825e+002,
21845000000, -1.033975e+002,
21845125000, -1.026448e+002,
21845250000, -1.035372e+002,
21845375000, -1.018025e+002,
21845500000, -1.018758e+002,
21845625000, -1.015949e+002,
21845750000, -1.024486e+002,
21845875000, -1.043986e+002,
21846000000, -1.031763e+002,
21846125000, -1.020011e+002,
21846250000, -1.035560e+002,
21846375000, -1.028547e+002,
21846500000, -1.015047e+002,
21846625000, -1.039476e+002,
21846750000, -1.031426e+002,
21846875000, -1.031807e+002,
21847000000, -1.021246e+002,
21847125000, -1.031197e+002,
21847250000, -1.030148e+002,
21847375000, -1.034699e+002,
21847500000, -1.034609e+002,
21847625000, -1.027980e+002,
21847750000, -1.042068e+002,
21847875000, -1.036768e+002,
21848000000, -1.032113e+002,
21848125000, -1.029609e+002,
21848250000, -1.032291e+002,
21848375000, -1.040241e+002,
21848500000, -1.046858e+002,
21848625000, -1.032727e+002,
21848750000, -1.012116e+002,
21848875000, -1.027834e+002,
21849000000, -1.042425e+002,
21849125000, -1.036686e+002,
21849250000, -1.021696e+002,
21849375000, -1.032922e+002,
21849500000, -1.024073e+002,
21849625000, -1.029041e+002,
21849750000, -1.023309e+002,
21849875000, -1.010422e+002,
21850000000, -1.028887e+002,
21850125000, -1.022315e+002,
21850250000, -1.031405e+002,
21850375000, -1.040708e+002,
21850500000, -1.039536e+002,
21850625000, -1.026703e+002,
21850750000, -1.035963e+002,
21850875000, -1.032932e+002,
21851000000, -1.026347e+002,
21851125000, -1.034807e+002,
21851250000, -1.052155e+002,
21851375000, -1.039204e+002,
21851500000, -1.029488e+002,
21851625000, -1.035139e+002,
21851750000, -1.015660e+002,
21851875000, -1.030426e+002,
21852000000, -1.036165e+002,
21852125000, -1.036581e+002,
21852250000, -1.030827e+002,
21852375000, -1.026317e+002,
21852500000, -1.027965e+002,
21852625000, -1.029819e+002,
21852750000, -1.026977e+002,
21852875000, -1.033059e+002,
21853000000, -1.041440e+002,
21853125000, -1.031955e+002,
21853250000, -1.029426e+002,
21853375000, -1.024626e+002,
21853500000, -1.030782e+002,
21853625000, -1.029307e+002,
21853750000, -1.034687e+002,
21853875000, -1.036213e+002,
21854000000, -1.033246e+002,
21854125000, -1.030398e+002,
21854250000, -1.023361e+002,
21854375000, -1.023658e+002,
21854500000, -1.024901e+002,
21854625000, -1.044050e+002,
21854750000, -1.037097e+002,
21854875000, -1.015074e+002,
21855000000, -1.032293e+002,
21855125000, -1.039703e+002,
21855250000, -1.028439e+002,
21855375000, -1.027679e+002,
21855500000, -1.032019e+002,
21855625000, -1.032098e+002,
21855750000, -1.030917e+002,
21855875000, -1.021893e+002,
21856000000, -1.032195e+002,
21856125000, -1.042158e+002,
21856250000, -1.016603e+002,
21856375000, -1.026520e+002,
21856500000, -1.025743e+002,
21856625000, -1.029455e+002,
21856750000, -1.020844e+002,
21856875000, -1.045937e+002,
21857000000, -1.025159e+002,
21857125000, -1.035107e+002,
21857250000, -1.026710e+002,
21857375000, -1.026629e+002,
21857500000, -1.027599e+002,
21857625000, -1.036589e+002,
21857750000, -1.028680e+002,
21857875000, -1.033615e+002,
21858000000, -1.023806e+002,
21858125000, -1.020179e+002,
21858250000, -1.024074e+002,
21858375000, -1.025151e+002,
21858500000, -1.036357e+002,
21858625000, -1.031477e+002,
21858750000, -1.028349e+002,
21858875000, -1.030424e+002,
21859000000, -1.039261e+002,
21859125000, -1.035975e+002,
21859250000, -1.023700e+002,
21859375000, -1.029888e+002,
21859500000, -1.042919e+002,
21859625000, -1.021681e+002,
21859750000, -1.026634e+002,
21859875000, -1.040884e+002,
21860000000, -1.038453e+002,
21860125000, -1.021469e+002,
21860250000, -1.022363e+002,
21860375000, -1.023017e+002,
21860500000, -1.034114e+002,
21860625000, -1.034487e+002,
21860750000, -1.037923e+002,
21860875000, -1.024456e+002,
21861000000, -1.019257e+002,
21861125000, -1.036422e+002,
21861250000, -1.020743e+002,
21861375000, -1.020444e+002,
21861500000, -1.024327e+002,
21861625000, -1.021680e+002,
21861750000, -1.041175e+002,
21861875000, -1.029236e+002,
21862000000, -1.032317e+002,
21862125000, -1.038769e+002,
21862250000, -1.032539e+002,
21862375000, -1.027557e+002,
21862500000, -1.034664e+002,
21862625000, -1.022783e+002,
21862750000, -1.034498e+002,
21862875000, -1.044330e+002,
21863000000, -1.023733e+002,
21863125000, -1.024810e+002,
21863250000, -1.023097e+002,
21863375000, -1.021265e+002,
21863500000, -1.016570e+002,
21863625000, -1.029690e+002,
21863750000, -1.025584e+002,
21863875000, -1.014621e+002,
21864000000, -9.990259e+001,
21864125000, -1.021768e+002,
21864250000, -1.025255e+002,
21864375000, -1.030832e+002,
21864500000, -1.020781e+002,
21864625000, -1.026968e+002,
21864750000, -1.024126e+002,
21864875000, -1.038628e+002,
21865000000, -1.030285e+002,
21865125000, -1.027203e+002,
21865250000, -1.031974e+002,
21865375000, -1.016642e+002,
21865500000, -1.017343e+002,
21865625000, -1.028382e+002,
21865750000, -1.025214e+002,
21865875000, -1.016204e+002,
21866000000, -1.020799e+002,
21866125000, -1.027181e+002,
21866250000, -1.024712e+002,
21866375000, -1.034658e+002,
21866500000, -1.035020e+002,
21866625000, -1.014295e+002,
21866750000, -1.022870e+002,
21866875000, -1.030664e+002,
21867000000, -1.027703e+002,
21867125000, -1.032803e+002,
21867250000, -1.026282e+002,
21867375000, -1.023840e+002,
21867500000, -1.024074e+002,
21867625000, -1.038872e+002,
21867750000, -1.024937e+002,
21867875000, -1.032124e+002,
21868000000, -1.028459e+002,
21868125000, -1.019339e+002,
21868250000, -1.037744e+002,
21868375000, -1.030418e+002,
21868500000, -1.036043e+002,
21868625000, -1.024617e+002,
21868750000, -1.032176e+002,
21868875000, -1.025115e+002,
21869000000, -1.027724e+002,
21869125000, -1.037391e+002,
21869250000, -1.027508e+002,
21869375000, -1.029267e+002,
21869500000, -1.044498e+002,
21869625000, -1.043427e+002,
21869750000, -1.021434e+002,
21869875000, -1.019122e+002,
21870000000, -1.041805e+002,
21870125000, -1.034408e+002,
21870250000, -1.033603e+002,
21870375000, -1.020786e+002,
21870500000, -1.042568e+002,
21870625000, -1.023718e+002,
21870750000, -1.025650e+002,
21870875000, -1.033853e+002,
21871000000, -1.017697e+002,
21871125000, -1.023353e+002,
21871250000, -1.006189e+002,
21871375000, -1.025715e+002,
21871500000, -1.025401e+002,
21871625000, -1.037456e+002,
21871750000, -1.029814e+002,
21871875000, -1.029027e+002,
21872000000, -1.021109e+002,
21872125000, -1.038974e+002,
21872250000, -1.028759e+002,
21872375000, -1.028533e+002,
21872500000, -1.017263e+002,
21872625000, -1.034835e+002,
21872750000, -1.022727e+002,
21872875000, -1.040004e+002,
21873000000, -1.031594e+002,
21873125000, -1.025524e+002,
21873250000, -1.034076e+002,
21873375000, -1.031946e+002,
21873500000, -1.023868e+002,
21873625000, -1.033027e+002,
21873750000, -1.039088e+002,
21873875000, -1.034415e+002,
21874000000, -1.035726e+002,
21874125000, -1.037293e+002,
21874250000, -1.027444e+002,
21874375000, -1.037164e+002,
21874500000, -1.026829e+002,
21874625000, -1.041705e+002,
21874750000, -1.027318e+002,
21874875000, -1.034840e+002,
21875000000, -1.028599e+002,
21875125000, -1.030042e+002,
21875250000, -1.024457e+002,
21875375000, -1.029315e+002,
21875500000, -1.025266e+002,
21875625000, -1.035996e+002,
21875750000, -1.042162e+002,
21875875000, -1.034599e+002,
21876000000, -1.026965e+002,
21876125000, -1.024469e+002,
21876250000, -1.027376e+002,
21876375000, -1.039855e+002,
21876500000, -1.026132e+002,
21876625000, -1.020331e+002,
21876750000, -1.023664e+002,
21876875000, -1.032819e+002,
21877000000, -1.018387e+002,
21877125000, -1.020541e+002,
21877250000, -1.024516e+002,
21877375000, -1.042090e+002,
21877500000, -1.033642e+002,
21877625000, -1.036575e+002,
21877750000, -1.030944e+002,
21877875000, -1.034004e+002,
21878000000, -1.031455e+002,
21878125000, -1.029560e+002,
21878250000, -1.024371e+002,
21878375000, -1.022678e+002,
21878500000, -1.034222e+002,
21878625000, -1.024583e+002,
21878750000, -1.020804e+002,
21878875000, -1.042173e+002,
21879000000, -1.011651e+002,
21879125000, -1.039182e+002,
21879250000, -1.027016e+002,
21879375000, -1.051979e+002,
21879500000, -1.031264e+002,
21879625000, -1.026597e+002,
21879750000, -1.031709e+002,
21879875000, -1.031207e+002,
21880000000, -7.140794e+001,
21880125000, -1.032495e+002,
21880250000, -1.030011e+002,
21880375000, -1.038147e+002,
21880500000, -1.022016e+002,
21880625000, -1.030943e+002,
21880750000, -1.030357e+002,
21880875000, -1.033763e+002,
21881000000, -1.024503e+002,
21881125000, -1.015073e+002,
21881250000, -1.033611e+002,
21881375000, -1.027288e+002,
21881500000, -1.033079e+002,
21881625000, -1.045229e+002,
21881750000, -1.027584e+002,
21881875000, -1.025538e+002,
21882000000, -1.027042e+002,
21882125000, -1.031348e+002,
21882250000, -1.033648e+002,
21882375000, -1.022713e+002,
21882500000, -1.041250e+002,
21882625000, -1.024675e+002,
21882750000, -1.035286e+002,
21882875000, -1.029800e+002,
21883000000, -1.046666e+002,
21883125000, -1.041595e+002,
21883250000, -1.026924e+002,
21883375000, -1.020951e+002,
21883500000, -1.019696e+002,
21883625000, -1.044521e+002,
21883750000, -1.039348e+002,
21883875000, -1.033513e+002,
21884000000, -1.035272e+002,
21884125000, -1.029269e+002,
21884250000, -1.020370e+002,
21884375000, -1.047541e+002,
21884500000, -1.024326e+002,
21884625000, -1.026506e+002,
21884750000, -1.034037e+002,
21884875000, -1.032786e+002,
21885000000, -1.034570e+002,
21885125000, -1.034911e+002,
21885250000, -1.021273e+002,
21885375000, -1.033673e+002,
21885500000, -1.031405e+002,
21885625000, -1.027222e+002,
21885750000, -1.024888e+002,
21885875000, -1.029027e+002,
21886000000, -1.028690e+002,
21886125000, -1.022391e+002,
21886250000, -1.031228e+002,
21886375000, -1.024874e+002,
21886500000, -1.027340e+002,
21886625000, -1.034383e+002,
21886750000, -1.023264e+002,
21886875000, -1.032690e+002,
21887000000, -1.031013e+002,
21887125000, -1.007805e+002,
21887250000, -1.034289e+002,
21887375000, -1.030258e+002,
21887500000, -1.022557e+002,
21887625000, -1.025278e+002,
21887750000, -1.017632e+002,
21887875000, -1.036331e+002,
21888000000, -1.033303e+002,
21888125000, -1.034485e+002,
21888250000, -1.037055e+002,
21888375000, -1.035329e+002,
21888500000, -1.035431e+002,
21888625000, -1.029100e+002,
21888750000, -1.045638e+002,
21888875000, -1.034220e+002,
21889000000, -1.032722e+002,
21889125000, -1.037610e+002,
21889250000, -1.029745e+002,
21889375000, -1.031669e+002,
21889500000, -1.018004e+002,
21889625000, -1.020924e+002,
21889750000, -1.030811e+002,
21889875000, -1.023842e+002,
21890000000, -1.025527e+002,
21890125000, -1.033117e+002,
21890250000, -1.031198e+002,
21890375000, -1.032425e+002,
21890500000, -1.033133e+002,
21890625000, -1.030877e+002,
21890750000, -1.052578e+002,
21890875000, -1.032568e+002,
21891000000, -1.036389e+002,
21891125000, -1.035008e+002,
21891250000, -1.035393e+002,
21891375000, -1.025597e+002,
21891500000, -1.026926e+002,
21891625000, -1.027875e+002,
21891750000, -1.023272e+002,
21891875000, -1.039295e+002,
21892000000, -1.030015e+002,
21892125000, -1.019161e+002,
21892250000, -1.046331e+002,
21892375000, -1.023413e+002,
21892500000, -1.039819e+002,
21892625000, -1.020570e+002,
21892750000, -1.032670e+002,
21892875000, -1.038282e+002,
21893000000, -1.014826e+002,
21893125000, -1.038166e+002,
21893250000, -1.033847e+002,
21893375000, -1.035667e+002,
21893500000, -1.029926e+002,
21893625000, -1.030246e+002,
21893750000, -1.031411e+002,
21893875000, -1.043238e+002,
21894000000, -1.038539e+002,
21894125000, -1.036407e+002,
21894250000, -1.041005e+002,
21894375000, -1.031000e+002,
21894500000, -1.019459e+002,
21894625000, -1.046341e+002,
21894750000, -1.029554e+002,
21894875000, -1.024241e+002,
21895000000, -1.034900e+002,
21895125000, -1.009323e+002,
21895250000, -1.022301e+002,
21895375000, -1.033123e+002,
21895500000, -1.035492e+002,
21895625000, -1.033416e+002,
21895750000, -1.032362e+002,
21895875000, -1.035790e+002,
21896000000, -1.030651e+002,
21896125000, -1.038839e+002,
21896250000, -1.027587e+002,
21896375000, -1.022620e+002,
21896500000, -1.009996e+002,
21896625000, -1.013671e+002,
21896750000, -1.026704e+002,
21896875000, -1.032860e+002,
21897000000, -1.030033e+002,
21897125000, -1.021677e+002,
21897250000, -1.035059e+002,
21897375000, -1.037264e+002,
21897500000, -1.039266e+002,
21897625000, -1.045962e+002,
21897750000, -1.027309e+002,
21897875000, -1.024477e+002,
21898000000, -1.025273e+002,
21898125000, -1.031385e+002,
21898250000, -1.032350e+002,
21898375000, -1.029866e+002,
21898500000, -1.029895e+002,
21898625000, -1.021563e+002,
21898750000, -1.035888e+002,
21898875000, -1.033036e+002,
21899000000, -1.018616e+002,
21899125000, -1.031507e+002,
21899250000, -1.020354e+002,
21899375000, -1.020503e+002,
21899500000, -1.020884e+002,
21899625000, -1.029694e+002,
21899750000, -1.022755e+002,
21899875000, -1.045446e+002,
21900000000, -1.024696e+002,
21900125000, -1.036682e+002,
21900250000, -1.032160e+002,
21900375000, -1.036527e+002,
21900500000, -1.029600e+002,
21900625000, -1.022806e+002,
21900750000, -1.017503e+002,
21900875000, -1.017764e+002,
21901000000, -1.033495e+002,
21901125000, -1.029592e+002,
21901250000, -1.037704e+002,
21901375000, -1.035919e+002,
21901500000, -1.031454e+002,
21901625000, -1.038464e+002,
21901750000, -1.032554e+002,
21901875000, -1.043959e+002,
21902000000, -1.024979e+002,
21902125000, -1.032019e+002,
21902250000, -1.029555e+002,
21902375000, -1.029328e+002,
21902500000, -1.035625e+002,
21902625000, -1.027691e+002,
21902750000, -1.021476e+002,
21902875000, -1.026415e+002,
21903000000, -1.036817e+002,
21903125000, -1.024777e+002,
21903250000, -1.024107e+002,
21903375000, -1.016642e+002,
21903500000, -1.025596e+002,
21903625000, -1.025127e+002,
21903750000, -1.031999e+002,
21903875000, -1.030503e+002,
21904000000, -1.017891e+002,
21904125000, -1.039019e+002,
21904250000, -1.032231e+002,
21904375000, -1.032469e+002,
21904500000, -1.027231e+002,
21904625000, -1.020682e+002,
21904750000, -1.025193e+002,
21904875000, -1.022850e+002,
21905000000, -1.018815e+002,
21905125000, -1.022315e+002,
21905250000, -1.030215e+002,
21905375000, -1.027574e+002,
21905500000, -1.041326e+002,
21905625000, -1.020813e+002,
21905750000, -1.030252e+002,
21905875000, -1.036599e+002,
21906000000, -1.017452e+002,
21906125000, -1.023212e+002,
21906250000, -1.039429e+002,
21906375000, -1.025149e+002,
21906500000, -1.032160e+002,
21906625000, -1.028970e+002,
21906750000, -1.032950e+002,
21906875000, -1.037084e+002,
21907000000, -1.022584e+002,
21907125000, -1.033280e+002,
21907250000, -1.024200e+002,
21907375000, -1.026316e+002,
21907500000, -1.038483e+002,
21907625000, -1.026979e+002,
21907750000, -1.030885e+002,
21907875000, -1.027477e+002,
21908000000, -1.027781e+002,
21908125000, -1.023047e+002,
21908250000, -1.028879e+002,
21908375000, -1.029031e+002,
21908500000, -1.031166e+002,
21908625000, -1.034475e+002,
21908750000, -1.025510e+002,
21908875000, -1.037233e+002,
21909000000, -1.033039e+002,
21909125000, -1.035690e+002,
21909250000, -1.038064e+002,
21909375000, -1.035682e+002,
21909500000, -1.019054e+002,
21909625000, -1.035232e+002,
21909750000, -1.033111e+002,
21909875000, -1.019384e+002,
21910000000, -1.023573e+002,
21910125000, -1.031994e+002,
21910250000, -1.020153e+002,
21910375000, -1.039191e+002,
21910500000, -1.032003e+002,
21910625000, -1.024010e+002,
21910750000, -1.023721e+002,
21910875000, -1.023142e+002,
21911000000, -1.028843e+002,
21911125000, -1.022642e+002,
21911250000, -1.028362e+002,
21911375000, -1.013015e+002,
21911500000, -1.014840e+002,
21911625000, -1.023417e+002,
21911750000, -1.018874e+002,
21911875000, -1.026443e+002,
21912000000, -1.026558e+002,
21912125000, -1.021588e+002,
21912250000, -1.025738e+002,
21912375000, -1.031035e+002,
21912500000, -1.024908e+002,
21912625000, -1.035504e+002,
21912750000, -1.043079e+002,
21912875000, -1.027499e+002,
21913000000, -1.015454e+002,
21913125000, -1.023015e+002,
21913250000, -1.024565e+002,
21913375000, -1.023145e+002,
21913500000, -1.036138e+002,
21913625000, -1.018581e+002,
21913750000, -1.031910e+002,
21913875000, -1.040617e+002,
21914000000, -9.793642e+001,
21914125000, -1.039492e+002,
21914250000, -1.047909e+002,
21914375000, -1.028298e+002,
21914500000, -1.025624e+002,
21914625000, -1.027336e+002,
21914750000, -1.035214e+002,
21914875000, -1.034160e+002,
21915000000, -1.047394e+002,
21915125000, -1.028441e+002,
21915250000, -1.019016e+002,
21915375000, -1.025253e+002,
21915500000, -1.030259e+002,
21915625000, -1.031332e+002,
21915750000, -1.025168e+002,
21915875000, -1.040287e+002,
21916000000, -1.025536e+002,
21916125000, -1.040493e+002,
21916250000, -1.030588e+002,
21916375000, -1.026291e+002,
21916500000, -1.034191e+002,
21916625000, -1.036037e+002,
21916750000, -1.021227e+002,
21916875000, -1.025810e+002,
21917000000, -1.036696e+002,
21917125000, -1.032161e+002,
21917250000, -1.047238e+002,
21917375000, -1.038124e+002,
21917500000, -1.020170e+002,
21917625000, -1.016874e+002,
21917750000, -1.021163e+002,
21917875000, -1.041797e+002,
21918000000, -1.024759e+002,
21918125000, -1.034009e+002,
21918250000, -1.030980e+002,
21918375000, -1.028574e+002,
21918500000, -1.047130e+002,
21918625000, -1.027987e+002,
21918750000, -1.026555e+002,
21918875000, -1.030595e+002,
21919000000, -1.021776e+002,
21919125000, -1.031451e+002,
21919250000, -1.022422e+002,
21919375000, -1.044358e+002,
21919500000, -1.021105e+002,
21919625000, -1.028881e+002,
21919750000, -1.020635e+002,
21919875000, -1.014880e+002,
21920000000, -1.024468e+002,
21920125000, -1.025092e+002,
21920250000, -1.020035e+002,
21920375000, -1.022606e+002,
21920500000, -1.030828e+002,
21920625000, -1.032039e+002,
21920750000, -1.034503e+002,
21920875000, -1.024305e+002,
21921000000, -1.019233e+002,
21921125000, -1.040729e+002,
21921250000, -1.026213e+002,
21921375000, -1.011648e+002,
21921500000, -1.037190e+002,
21921625000, -1.029922e+002,
21921750000, -1.029885e+002,
21921875000, -1.027147e+002,
21922000000, -1.017401e+002,
21922125000, -1.028465e+002,
21922250000, -1.045601e+002,
21922375000, -1.023878e+002,
21922500000, -1.014544e+002,
21922625000, -1.029517e+002,
21922750000, -1.044754e+002,
21922875000, -1.029944e+002,
21923000000, -1.032447e+002,
21923125000, -1.036055e+002,
21923250000, -1.019468e+002,
21923375000, -1.031320e+002,
21923500000, -1.027319e+002,
21923625000, -1.030329e+002,
21923750000, -1.027113e+002,
21923875000, -1.023341e+002,
21924000000, -1.016146e+002,
21924125000, -1.028260e+002,
21924250000, -1.019944e+002,
21924375000, -1.032672e+002,
21924500000, -1.045872e+002,
21924625000, -1.022427e+002,
21924750000, -1.029589e+002,
21924875000, -1.019423e+002,
21925000000, -1.018257e+002,
21925125000, -1.032510e+002,
21925250000, -1.019273e+002,
21925375000, -1.031021e+002,
21925500000, -1.034735e+002,
21925625000, -1.021115e+002,
21925750000, -1.025497e+002,
21925875000, -1.035976e+002,
21926000000, -1.022038e+002,
21926125000, -1.024347e+002,
21926250000, -1.017076e+002,
21926375000, -1.026212e+002,
21926500000, -1.035745e+002,
21926625000, -1.028197e+002,
21926750000, -1.031427e+002,
21926875000, -1.034143e+002,
21927000000, -1.020221e+002,
21927125000, -1.016212e+002,
21927250000, -1.021295e+002,
21927375000, -1.019527e+002,
21927500000, -1.034976e+002,
21927625000, -1.038360e+002,
21927750000, -1.034779e+002,
21927875000, -1.028025e+002,
21928000000, -1.021478e+002,
21928125000, -1.031288e+002,
21928250000, -1.021391e+002,
21928375000, -1.028362e+002,
21928500000, -1.031913e+002,
21928625000, -1.037574e+002,
21928750000, -1.010569e+002,
21928875000, -1.029241e+002,
21929000000, -1.029880e+002,
21929125000, -1.034974e+002,
21929250000, -1.018697e+002,
21929375000, -1.019273e+002,
21929500000, -1.036612e+002,
21929625000, -1.022542e+002,
21929750000, -1.019249e+002,
21929875000, -1.045535e+002,
21930000000, -7.057563e+001,
21930125000, -1.028463e+002,
21930250000, -1.016099e+002,
21930375000, -1.027054e+002,
21930500000, -1.035133e+002,
21930625000, -1.036598e+002,
21930750000, -1.026560e+002,
21930875000, -1.034879e+002,
21931000000, -1.030382e+002,
21931125000, -1.026037e+002,
21931250000, -1.036370e+002,
21931375000, -1.038005e+002,
21931500000, -1.031846e+002,
21931625000, -1.046178e+002,
21931750000, -1.036176e+002,
21931875000, -1.030734e+002,
21932000000, -1.018961e+002,
21932125000, -1.028703e+002,
21932250000, -1.032950e+002,
21932375000, -1.031052e+002,
21932500000, -1.010403e+002,
21932625000, -1.029707e+002,
21932750000, -1.029861e+002,
21932875000, -1.022165e+002,
21933000000, -1.040452e+002,
21933125000, -1.035020e+002,
21933250000, -1.033586e+002,
21933375000, -1.027320e+002,
21933500000, -1.029298e+002,
21933625000, -1.029137e+002,
21933750000, -1.038497e+002,
21933875000, -1.025227e+002,
21934000000, -1.023315e+002,
21934125000, -1.015516e+002,
21934250000, -1.027117e+002,
21934375000, -1.032446e+002,
21934500000, -1.036162e+002,
21934625000, -1.038077e+002,
21934750000, -1.035450e+002,
21934875000, -1.039466e+002,
21935000000, -1.020355e+002,
21935125000, -1.035505e+002,
21935250000, -1.017885e+002,
21935375000, -1.026208e+002,
21935500000, -1.027208e+002,
21935625000, -1.022556e+002,
21935750000, -1.035702e+002,
21935875000, -1.027156e+002,
21936000000, -1.023441e+002,
21936125000, -1.037385e+002,
21936250000, -1.034091e+002,
21936375000, -1.020051e+002,
21936500000, -1.034517e+002,
21936625000, -1.027816e+002,
21936750000, -1.034522e+002,
21936875000, -1.034426e+002,
21937000000, -1.035631e+002,
21937125000, -1.030218e+002,
21937250000, -1.027353e+002,
21937375000, -1.035075e+002,
21937500000, -1.036368e+002,
21937625000, -1.024760e+002,
21937750000, -1.030004e+002,
21937875000, -1.035135e+002,
21938000000, -1.026007e+002,
21938125000, -1.025188e+002,
21938250000, -1.029705e+002,
21938375000, -1.036634e+002,
21938500000, -1.016098e+002,
21938625000, -1.020613e+002,
21938750000, -1.036623e+002,
21938875000, -1.034790e+002,
21939000000, -1.021451e+002,
21939125000, -1.037240e+002,
21939250000, -1.024072e+002,
21939375000, -1.023830e+002,
21939500000, -1.014342e+002,
21939625000, -1.036214e+002,
21939750000, -1.010223e+002,
21939875000, -1.022187e+002,
21940000000, -1.031107e+002,
21940125000, -1.032215e+002,
21940250000, -1.026189e+002,
21940375000, -1.033933e+002,
21940500000, -1.028544e+002,
21940625000, -1.034897e+002,
21940750000, -1.042418e+002,
21940875000, -1.035231e+002,
21941000000, -1.042872e+002,
21941125000, -1.024845e+002,
21941250000, -1.044130e+002,
21941375000, -1.028528e+002,
21941500000, -1.029772e+002,
21941625000, -1.014000e+002,
21941750000, -1.028749e+002,
21941875000, -1.015963e+002,
21942000000, -1.034630e+002,
21942125000, -1.034355e+002,
21942250000, -1.017496e+002,
21942375000, -1.023191e+002,
21942500000, -1.025965e+002,
21942625000, -1.040361e+002,
21942750000, -1.043685e+002,
21942875000, -1.031186e+002,
21943000000, -1.034210e+002,
21943125000, -1.026960e+002,
21943250000, -1.031945e+002,
21943375000, -1.038569e+002,
21943500000, -1.031854e+002,
21943625000, -1.026003e+002,
21943750000, -1.030523e+002,
21943875000, -1.035202e+002,
21944000000, -1.022559e+002,
21944125000, -1.024465e+002,
21944250000, -1.033066e+002,
21944375000, -1.033557e+002,
21944500000, -1.029173e+002,
21944625000, -1.021692e+002,
21944750000, -1.031019e+002,
21944875000, -1.037919e+002,
21945000000, -1.018738e+002,
21945125000, -1.039227e+002,
21945250000, -1.031502e+002,
21945375000, -1.035277e+002,
21945500000, -1.036442e+002,
21945625000, -1.029303e+002,
21945750000, -1.026513e+002,
21945875000, -1.020914e+002,
21946000000, -1.019634e+002,
21946125000, -1.030518e+002,
21946250000, -1.012787e+002,
21946375000, -1.028092e+002,
21946500000, -1.022638e+002,
21946625000, -1.023316e+002,
21946750000, -1.019348e+002,
21946875000, -1.026704e+002,
21947000000, -1.027331e+002,
21947125000, -1.021408e+002,
21947250000, -1.029501e+002,
21947375000, -1.028397e+002,
21947500000, -1.039363e+002,
21947625000, -1.030951e+002,
21947750000, -1.030968e+002,
21947875000, -1.021229e+002,
21948000000, -1.024998e+002,
21948125000, -1.024427e+002,
21948250000, -1.021761e+002,
21948375000, -1.032678e+002,
21948500000, -1.037979e+002,
21948625000, -1.036795e+002,
21948750000, -1.041674e+002,
21948875000, -1.033523e+002,
21949000000, -1.028083e+002,
21949125000, -1.033166e+002,
21949250000, -1.022303e+002,
21949375000, -1.033491e+002,
21949500000, -1.035102e+002,
21949625000, -1.020260e+002,
21949750000, -1.022319e+002,
21949875000, -1.027659e+002,
21950000000, -1.032602e+002,
21950125000, -1.028267e+002,
21950250000, -1.025816e+002,
21950375000, -1.024640e+002,
21950500000, -1.026981e+002,
21950625000, -1.032516e+002,
21950750000, -1.036873e+002,
21950875000, -1.028665e+002,
21951000000, -1.019110e+002,
21951125000, -1.030072e+002,
21951250000, -1.050586e+002,
21951375000, -1.030208e+002,
21951500000, -1.029444e+002,
21951625000, -1.036656e+002,
21951750000, -1.025581e+002,
21951875000, -1.022168e+002,
21952000000, -1.035796e+002,
21952125000, -1.031437e+002,
21952250000, -1.026569e+002,
21952375000, -1.036189e+002,
21952500000, -1.024331e+002,
21952625000, -1.042963e+002,
21952750000, -1.026064e+002,
21952875000, -1.025859e+002,
21953000000, -1.034967e+002,
21953125000, -1.042400e+002,
21953250000, -1.024007e+002,
21953375000, -1.020826e+002,
21953500000, -1.030560e+002,
21953625000, -1.032577e+002,
21953750000, -1.021145e+002,
21953875000, -1.030209e+002,
21954000000, -1.026454e+002,
21954125000, -1.041828e+002,
21954250000, -1.009287e+002,
21954375000, -1.048379e+002,
21954500000, -1.037735e+002,
21954625000, -1.019731e+002,
21954750000, -1.026336e+002,
21954875000, -1.024800e+002,
21955000000, -1.045725e+002,
21955125000, -1.030588e+002,
21955250000, -1.031541e+002,
21955375000, -1.030222e+002,
21955500000, -1.031049e+002,
21955625000, -1.039636e+002,
21955750000, -1.029333e+002,
21955875000, -1.036917e+002,
21956000000, -1.027286e+002,
21956125000, -1.010028e+002,
21956250000, -1.012065e+002,
21956375000, -1.026827e+002,
21956500000, -1.028106e+002,
21956625000, -1.024778e+002,
21956750000, -1.019568e+002,
21956875000, -1.031607e+002,
21957000000, -1.020471e+002,
21957125000, -1.034981e+002,
21957250000, -1.035414e+002,
21957375000, -1.029990e+002,
21957500000, -1.038304e+002,
21957625000, -1.018525e+002,
21957750000, -1.042399e+002,
21957875000, -1.035212e+002,
21958000000, -1.025624e+002,
21958125000, -1.022220e+002,
21958250000, -1.032684e+002,
21958375000, -1.042321e+002,
21958500000, -1.033513e+002,
21958625000, -1.045511e+002,
21958750000, -1.025340e+002,
21958875000, -1.033397e+002,
21959000000, -1.017623e+002,
21959125000, -1.045870e+002,
21959250000, -1.024799e+002,
21959375000, -1.020156e+002,
21959500000, -1.033838e+002,
21959625000, -1.025407e+002,
21959750000, -1.034408e+002,
21959875000, -1.031232e+002,
21960000000, -1.016779e+002,
21960125000, -1.025363e+002,
21960250000, -1.040166e+002,
21960375000, -1.041768e+002,
21960500000, -1.025752e+002,
21960625000, -1.033333e+002,
21960750000, -1.034362e+002,
21960875000, -1.042736e+002,
21961000000, -1.046640e+002,
21961125000, -1.020833e+002,
21961250000, -1.026257e+002,
21961375000, -1.039246e+002,
21961500000, -1.033008e+002,
21961625000, -1.026258e+002,
21961750000, -1.030983e+002,
21961875000, -1.030443e+002,
21962000000, -1.026236e+002,
21962125000, -1.030351e+002,
21962250000, -1.023581e+002,
21962375000, -1.030518e+002,
21962500000, -1.010194e+002,
21962625000, -1.032324e+002,
21962750000, -1.029835e+002,
21962875000, -1.044217e+002,
21963000000, -1.032439e+002,
21963125000, -1.035379e+002,
21963250000, -1.034264e+002,
21963375000, -1.034699e+002,
21963500000, -1.021379e+002,
21963625000, -1.030471e+002,
21963750000, -1.011499e+002,
21963875000, -1.038314e+002,
21964000000, -1.037063e+002,
21964125000, -1.028543e+002,
21964250000, -1.024008e+002,
21964375000, -1.025056e+002,
21964500000, -1.032344e+002,
21964625000, -1.026292e+002,
21964750000, -1.031884e+002,
21964875000, -1.030882e+002,
21965000000, -1.021505e+002,
21965125000, -1.039960e+002,
21965250000, -1.029190e+002,
21965375000, -1.031918e+002,
21965500000, -1.034524e+002,
21965625000, -1.028662e+002,
21965750000, -1.022557e+002,
21965875000, -1.024921e+002,
21966000000, -1.026185e+002,
21966125000, -1.034153e+002,
21966250000, -1.031257e+002,
21966375000, -1.030910e+002,
21966500000, -1.029153e+002,
21966625000, -1.035377e+002,
21966750000, -1.030618e+002,
21966875000, -1.035806e+002,
21967000000, -1.019987e+002,
21967125000, -1.021408e+002,
21967250000, -1.023964e+002,
21967375000, -1.037740e+002,
21967500000, -1.030359e+002,
21967625000, -1.027548e+002,
21967750000, -1.028286e+002,
21967875000, -1.025861e+002,
21968000000, -1.028783e+002,
21968125000, -1.031481e+002,
21968250000, -1.025542e+002,
21968375000, -1.024020e+002,
21968500000, -1.045003e+002,
21968625000, -1.034408e+002,
21968750000, -1.040089e+002,
21968875000, -1.038941e+002,
21969000000, -1.033407e+002,
21969125000, -1.025988e+002,
21969250000, -1.025289e+002,
21969375000, -1.022234e+002,
21969500000, -1.028177e+002,
21969625000, -1.031275e+002,
21969750000, -1.039543e+002,
21969875000, -1.031422e+002,
21970000000, -1.039889e+002,
21970125000, -1.026928e+002,
21970250000, -1.026000e+002,
21970375000, -1.033433e+002,
21970500000, -1.023032e+002,
21970625000, -1.036035e+002,
21970750000, -1.041509e+002,
21970875000, -1.028337e+002,
21971000000, -1.041324e+002,
21971125000, -1.026738e+002,
21971250000, -1.023616e+002,
21971375000, -1.032360e+002,
21971500000, -1.027631e+002,
21971625000, -1.025914e+002,
21971750000, -1.031196e+002,
21971875000, -1.024213e+002,
21972000000, -1.024558e+002,
21972125000, -1.030986e+002,
21972250000, -1.032676e+002,
21972375000, -1.028045e+002,
21972500000, -1.035915e+002,
21972625000, -1.024627e+002,
21972750000, -1.039472e+002,
21972875000, -1.027821e+002,
21973000000, -1.023644e+002,
21973125000, -1.031951e+002,
21973250000, -1.035421e+002,
21973375000, -1.025261e+002,
21973500000, -1.027286e+002,
21973625000, -1.023919e+002,
21973750000, -1.024153e+002,
21973875000, -1.023042e+002,
21974000000, -1.039078e+002,
21974125000, -1.021594e+002,
21974250000, -1.040045e+002,
21974375000, -1.032226e+002,
21974500000, -1.026204e+002,
21974625000, -1.025060e+002,
21974750000, -1.026063e+002,
21974875000, -1.015667e+002,
21975000000, -1.033800e+002,
21975125000, -1.005585e+002,
21975250000, -1.022127e+002,
21975375000, -1.015579e+002,
21975500000, -1.018218e+002,
21975625000, -1.038019e+002,
21975750000, -1.023782e+002,
21975875000, -1.043464e+002,
21976000000, -1.029751e+002,
21976125000, -1.013417e+002,
21976250000, -1.019006e+002,
21976375000, -1.030056e+002,
21976500000, -1.034255e+002,
21976625000, -1.025803e+002,
21976750000, -1.046146e+002,
21976875000, -1.037724e+002,
21977000000, -1.021109e+002,
21977125000, -1.026776e+002,
21977250000, -1.022719e+002,
21977375000, -1.039007e+002,
21977500000, -1.036472e+002,
21977625000, -1.028733e+002,
21977750000, -1.039043e+002,
21977875000, -1.032079e+002,
21978000000, -1.029721e+002,
21978125000, -1.025039e+002,
21978250000, -1.027957e+002,
21978375000, -1.035253e+002,
21978500000, -1.039361e+002,
21978625000, -1.028365e+002,
21978750000, -1.038296e+002,
21978875000, -1.029055e+002,
21979000000, -1.035983e+002,
21979125000, -1.030015e+002,
21979250000, -1.026998e+002,
21979375000, -1.031301e+002,
21979500000, -1.026148e+002,
21979625000, -1.040979e+002,
21979750000, -1.029727e+002,
21979875000, -1.036502e+002,
21980000000, -1.044550e+002,
21980125000, -1.016158e+002,
21980250000, -1.037727e+002,
21980375000, -1.013194e+002,
21980500000, -1.028163e+002,
21980625000, -1.032822e+002,
21980750000, -1.026928e+002,
21980875000, -1.027250e+002,
21981000000, -1.039077e+002,
21981125000, -1.015614e+002,
21981250000, -1.030403e+002,
21981375000, -1.034450e+002,
21981500000, -1.028020e+002,
21981625000, -1.037483e+002,
21981750000, -1.022503e+002,
21981875000, -1.034891e+002,
21982000000, -1.030963e+002,
21982125000, -1.019815e+002,
21982250000, -1.042236e+002,
21982375000, -1.025547e+002,
21982500000, -1.038722e+002,
21982625000, -1.026623e+002,
21982750000, -1.016148e+002,
21982875000, -1.034598e+002,
21983000000, -1.014358e+002,
21983125000, -1.045363e+002,
21983250000, -1.027596e+002,
21983375000, -1.014973e+002,
21983500000, -1.026906e+002,
21983625000, -1.031539e+002,
21983750000, -1.038657e+002,
21983875000, -1.018298e+002,
21984000000, -1.034105e+002,
21984125000, -1.022814e+002,
21984250000, -1.042872e+002,
21984375000, -1.042119e+002,
21984500000, -1.016851e+002,
21984625000, -1.022659e+002,
21984750000, -1.024337e+002,
21984875000, -1.030161e+002,
21985000000, -1.023253e+002,
21985125000, -1.024314e+002,
21985250000, -1.035106e+002,
21985375000, -1.028370e+002,
21985500000, -1.036954e+002,
21985625000, -1.027103e+002,
21985750000, -1.037722e+002,
21985875000, -1.021863e+002,
21986000000, -1.029255e+002,
21986125000, -1.028664e+002,
21986250000, -1.031191e+002,
21986375000, -1.044709e+002,
21986500000, -1.029177e+002,
21986625000, -1.036564e+002,
21986750000, -1.019168e+002,
21986875000, -1.024728e+002,
21987000000, -1.031521e+002,
21987125000, -1.032082e+002,
21987250000, -1.021454e+002,
21987375000, -1.022463e+002,
21987500000, -1.025139e+002,
21987625000, -1.026222e+002,
21987750000, -1.020452e+002,
21987875000, -1.031326e+002,
21988000000, -1.035185e+002,
21988125000, -1.047431e+002,
21988250000, -1.031191e+002,
21988375000, -1.022230e+002,
21988500000, -1.033528e+002,
21988625000, -1.029288e+002,
21988750000, -1.025564e+002,
21988875000, -1.034928e+002,
21989000000, -1.052003e+002,
21989125000, -1.033391e+002,
21989250000, -1.021121e+002,
21989375000, -1.022589e+002,
21989500000, -1.036579e+002,
21989625000, -1.030841e+002,
21989750000, -1.033137e+002,
21989875000, -1.034673e+002,
21990000000, -1.026177e+002,
21990125000, -1.037993e+002,
21990250000, -1.035552e+002,
21990375000, -1.037930e+002,
21990500000, -1.029702e+002,
21990625000, -1.022012e+002,
21990750000, -1.026121e+002,
21990875000, -1.031002e+002,
21991000000, -1.020203e+002,
21991125000, -1.036648e+002,
21991250000, -1.029253e+002,
21991375000, -1.039384e+002,
21991500000, -1.030836e+002,
21991625000, -1.037687e+002,
21991750000, -1.031735e+002,
21991875000, -1.025495e+002,
21992000000, -1.026151e+002,
21992125000, -1.035149e+002,
21992250000, -1.031905e+002,
21992375000, -1.027732e+002,
21992500000, -1.024440e+002,
21992625000, -1.019340e+002,
21992750000, -1.040856e+002,
21992875000, -1.018556e+002,
21993000000, -1.040333e+002,
21993125000, -1.024472e+002,
21993250000, -1.017742e+002,
21993375000, -1.027130e+002,
21993500000, -1.031108e+002,
21993625000, -1.027274e+002,
21993750000, -1.034466e+002,
21993875000, -1.039713e+002,
21994000000, -1.036381e+002,
21994125000, -1.027270e+002,
21994250000, -1.032978e+002,
21994375000, -1.022624e+002,
21994500000, -1.037528e+002,
21994625000, -1.029786e+002,
21994750000, -1.024024e+002,
21994875000, -1.017942e+002,
21995000000, -1.040980e+002,
21995125000, -1.049649e+002,
21995250000, -1.043383e+002,
21995375000, -1.046953e+002,
21995500000, -1.046779e+002,
21995625000, -1.024983e+002,
21995750000, -1.035297e+002,
21995875000, -1.022715e+002,
21996000000, -1.024944e+002,
21996125000, -1.018980e+002,
21996250000, -1.031156e+002,
21996375000, -1.017198e+002,
21996500000, -1.029097e+002,
21996625000, -1.029806e+002,
21996750000, -1.035850e+002,
21996875000, -1.037499e+002,
21997000000, -1.030746e+002,
21997125000, -1.032419e+002,
21997250000, -1.031542e+002,
21997375000, -1.037632e+002,
21997500000, -1.032438e+002,
21997625000, -1.037351e+002,
21997750000, -1.030314e+002,
21997875000, -1.030609e+002,
21998000000, -1.022888e+002,
21998125000, -1.030875e+002,
21998250000, -1.022375e+002,
21998375000, -1.026238e+002,
21998500000, -1.027989e+002,
21998625000, -1.030470e+002,
21998750000, -1.033542e+002,
21998875000, -1.026867e+002,
21999000000, -1.035553e+002,
21999125000, -1.033827e+002,
21999250000, -1.021301e+002,
21999375000, -1.036198e+002,
21999500000, -1.036839e+002,
21999625000, -1.025721e+002,
21999750000, -1.012129e+002,
21999875000, -1.022248e+002,
22000000000, -6.217144e+001,
22000125000, -1.036466e+002,
22000250000, -1.027530e+002,
22000375000, -1.023772e+002,
22000500000, -1.026682e+002,
22000625000, -1.034222e+002,
22000750000, -1.029565e+002,
22000875000, -1.030820e+002,
22001000000, -1.025694e+002,
22001125000, -1.027688e+002,
22001250000, -1.027336e+002,
22001375000, -1.030802e+002,
22001500000, -1.029172e+002,
22001625000, -1.029989e+002,
22001750000, -1.030426e+002,
22001875000, -1.027537e+002,
22002000000, -1.031746e+002,
22002125000, -1.013670e+002,
22002250000, -1.035084e+002,
22002375000, -1.022491e+002,
22002500000, -1.029524e+002,
22002625000, -1.018772e+002,
22002750000, -1.037059e+002,
22002875000, -1.011896e+002,
22003000000, -1.027756e+002,
22003125000, -1.014842e+002,
22003250000, -1.029449e+002,
22003375000, -1.027827e+002,
22003500000, -1.023782e+002,
22003625000, -1.032607e+002,
22003750000, -1.034997e+002,
22003875000, -1.023582e+002,
22004000000, -1.039571e+002,
22004125000, -1.028982e+002,
22004250000, -1.028867e+002,
22004375000, -1.029654e+002,
22004500000, -1.017278e+002,
22004625000, -1.018102e+002,
22004750000, -1.046250e+002,
22004875000, -1.026405e+002,
22005000000, -1.029914e+002,
22005125000, -1.018609e+002,
22005250000, -1.017353e+002,
22005375000, -1.027498e+002,
22005500000, -1.028438e+002,
22005625000, -1.024615e+002,
22005750000, -1.031373e+002,
22005875000, -1.024759e+002,
22006000000, -1.030680e+002,
22006125000, -1.029381e+002,
22006250000, -1.022254e+002,
22006375000, -1.022971e+002,
22006500000, -1.026990e+002,
22006625000, -1.013661e+002,
22006750000, -1.042288e+002,
22006875000, -1.032475e+002,
22007000000, -1.020633e+002,
22007125000, -1.030297e+002,
22007250000, -1.030130e+002,
22007375000, -1.038150e+002,
22007500000, -1.032480e+002,
22007625000, -1.035088e+002,
22007750000, -1.024979e+002,
22007875000, -1.040972e+002,
22008000000, -1.019814e+002,
22008125000, -1.044630e+002,
22008250000, -1.031483e+002,
22008375000, -1.043532e+002,
22008500000, -1.034552e+002,
22008625000, -1.032984e+002,
22008750000, -1.025362e+002,
22008875000, -1.038469e+002,
22009000000, -1.027070e+002,
22009125000, -1.032870e+002,
22009250000, -1.018991e+002,
22009375000, -1.023359e+002,
22009500000, -1.033580e+002,
22009625000, -1.026325e+002,
22009750000, -1.029682e+002,
22009875000, -1.018157e+002,
22010000000, -1.028678e+002,
22010125000, -1.031754e+002,
22010250000, -1.031047e+002,
22010375000, -1.030838e+002,
22010500000, -1.024615e+002,
22010625000, -1.034109e+002,
22010750000, -1.026508e+002,
22010875000, -1.025344e+002,
22011000000, -1.037497e+002,
22011125000, -1.039014e+002,
22011250000, -1.025308e+002,
22011375000, -1.032052e+002,
22011500000, -1.032472e+002,
22011625000, -1.020508e+002,
22011750000, -1.030999e+002,
22011875000, -1.015416e+002,
22012000000, -1.039455e+002,
22012125000, -1.040385e+002,
22012250000, -1.033607e+002,
22012375000, -1.026099e+002,
22012500000, -1.034719e+002,
22012625000, -1.026313e+002,
22012750000, -1.028889e+002,
22012875000, -1.035235e+002,
22013000000, -1.023058e+002,
22013125000, -1.016056e+002,
22013250000, -1.028011e+002,
22013375000, -1.029038e+002,
22013500000, -1.016806e+002,
22013625000, -1.027509e+002,
22013750000, -1.027485e+002,
22013875000, -1.027590e+002,
22014000000, -1.013340e+002,
22014125000, -1.031974e+002,
22014250000, -1.025970e+002,
22014375000, -1.033842e+002,
22014500000, -1.014490e+002,
22014625000, -1.029284e+002,
22014750000, -1.030541e+002,
22014875000, -1.033090e+002,
22015000000, -1.029159e+002,
22015125000, -1.025367e+002,
22015250000, -1.027925e+002,
22015375000, -1.034767e+002,
22015500000, -1.034100e+002,
22015625000, -1.035112e+002,
22015750000, -1.023290e+002,
22015875000, -1.035568e+002,
22016000000, -1.023304e+002,
22016125000, -1.019003e+002,
22016250000, -1.032845e+002,
22016375000, -1.028284e+002,
22016500000, -9.820232e+001,
22016625000, -1.029913e+002,
22016750000, -1.031581e+002,
22016875000, -1.028517e+002,
22017000000, -1.026856e+002,
22017125000, -1.026992e+002,
22017250000, -1.022921e+002,
22017375000, -1.023525e+002,
22017500000, -1.024127e+002,
22017625000, -1.030501e+002,
22017750000, -1.025689e+002,
22017875000, -1.023691e+002,
22018000000, -1.030897e+002,
22018125000, -1.025674e+002,
22018250000, -1.026072e+002,
22018375000, -1.023584e+002,
22018500000, -1.026207e+002,
22018625000, -1.027447e+002,
22018750000, -1.030964e+002,
22018875000, -1.032703e+002,
22019000000, -1.027551e+002,
22019125000, -1.028429e+002,
22019250000, -1.021483e+002,
22019375000, -1.030905e+002,
22019500000, -1.038258e+002,
22019625000, -1.028269e+002,
22019750000, -1.021982e+002,
22019875000, -1.027686e+002,
22020000000, -1.022948e+002,
22020125000, -1.020872e+002,
22020250000, -1.019807e+002,
22020375000, -1.028156e+002,
22020500000, -1.027247e+002,
22020625000, -1.031686e+002,
22020750000, -1.025656e+002,
22020875000, -1.026490e+002,
22021000000, -1.029980e+002,
22021125000, -1.038515e+002,
22021250000, -1.031650e+002,
22021375000, -1.029013e+002,
22021500000, -1.025654e+002,
22021625000, -1.038637e+002,
22021750000, -1.035422e+002,
22021875000, -1.023488e+002,
22022000000, -1.030431e+002,
22022125000, -1.027071e+002,
22022250000, -1.043197e+002,
22022375000, -1.045097e+002,
22022500000, -1.037531e+002,
22022625000, -1.034804e+002,
22022750000, -1.036563e+002,
22022875000, -1.027032e+002,
22023000000, -1.032791e+002,
22023125000, -1.016352e+002,
22023250000, -1.022008e+002,
22023375000, -1.030443e+002,
22023500000, -1.026834e+002,
22023625000, -1.038622e+002,
22023750000, -1.019858e+002,
22023875000, -1.039928e+002,
22024000000, -1.022397e+002,
22024125000, -1.033858e+002,
22024250000, -1.039435e+002,
22024375000, -1.025069e+002,
22024500000, -1.032871e+002,
22024625000, -1.027744e+002,
22024750000, -1.039804e+002,
22024875000, -1.042660e+002,
22025000000, -1.026342e+002,
22025125000, -1.028335e+002,
22025250000, -1.032771e+002,
22025375000, -1.025530e+002,
22025500000, -1.028652e+002,
22025625000, -1.032210e+002,
22025750000, -1.037977e+002,
22025875000, -1.025350e+002,
22026000000, -1.024522e+002,
22026125000, -1.021668e+002,
22026250000, -1.020620e+002,
22026375000, -1.021161e+002,
22026500000, -1.023296e+002,
22026625000, -1.027279e+002,
22026750000, -1.037269e+002,
22026875000, -1.016442e+002,
22027000000, -1.027443e+002,
22027125000, -1.035393e+002,
22027250000, -1.029387e+002,
22027375000, -1.036845e+002,
22027500000, -1.034021e+002,
22027625000, -1.043250e+002,
22027750000, -1.040077e+002,
22027875000, -1.040793e+002,
22028000000, -1.024126e+002,
22028125000, -1.019972e+002,
22028250000, -1.028912e+002,
22028375000, -1.024870e+002,
22028500000, -1.024435e+002,
22028625000, -1.036003e+002,
22028750000, -1.030723e+002,
22028875000, -1.031167e+002,
22029000000, -1.024074e+002,
22029125000, -1.018539e+002,
22029250000, -1.026915e+002,
22029375000, -1.034200e+002,
22029500000, -1.014102e+002,
22029625000, -1.011823e+002,
22029750000, -1.040842e+002,
22029875000, -1.033407e+002,
22030000000, -1.026712e+002,
22030125000, -1.031263e+002,
22030250000, -1.035022e+002,
22030375000, -1.025554e+002,
22030500000, -1.025863e+002,
22030625000, -1.021281e+002,
22030750000, -1.042072e+002,
22030875000, -1.027963e+002,
22031000000, -1.030540e+002,
22031125000, -1.035584e+002,
22031250000, -1.037043e+002,
22031375000, -1.037165e+002,
22031500000, -1.019178e+002,
22031625000, -1.036837e+002,
22031750000, -1.037825e+002,
22031875000, -1.046183e+002,
22032000000, -1.018416e+002,
22032125000, -1.029127e+002,
22032250000, -1.033969e+002,
22032375000, -1.030074e+002,
22032500000, -1.025957e+002,
22032625000, -1.039000e+002,
22032750000, -1.034667e+002,
22032875000, -1.031593e+002,
22033000000, -1.031971e+002,
22033125000, -1.014094e+002,
22033250000, -1.020855e+002,
22033375000, -1.028174e+002,
22033500000, -1.033015e+002,
22033625000, -1.030359e+002,
22033750000, -1.026034e+002,
22033875000, -1.039960e+002,
22034000000, -1.031426e+002,
22034125000, -1.016652e+002,
22034250000, -1.032293e+002,
22034375000, -1.036552e+002,
22034500000, -1.031980e+002,
22034625000, -1.029468e+002,
22034750000, -1.026282e+002,
22034875000, -1.046898e+002,
22035000000, -1.018373e+002,
22035125000, -1.022775e+002,
22035250000, -1.026750e+002,
22035375000, -1.032725e+002,
22035500000, -1.041664e+002,
22035625000, -1.025790e+002,
22035750000, -1.043189e+002,
22035875000, -1.033520e+002,
22036000000, -1.031553e+002,
22036125000, -1.022590e+002,
22036250000, -1.042812e+002,
22036375000, -1.028375e+002,
22036500000, -1.034928e+002,
22036625000, -1.024992e+002,
22036750000, -1.030626e+002,
22036875000, -1.022783e+002,
22037000000, -1.029546e+002,
22037125000, -1.038940e+002,
22037250000, -1.021206e+002,
22037375000, -1.026335e+002,
22037500000, -1.029848e+002,
22037625000, -1.047713e+002,
22037750000, -1.025640e+002,
22037875000, -1.044266e+002,
22038000000, -1.042789e+002,
22038125000, -1.026907e+002,
22038250000, -1.027604e+002,
22038375000, -1.018164e+002,
22038500000, -1.035488e+002,
22038625000, -1.024471e+002,
22038750000, -1.039043e+002,
22038875000, -1.032077e+002,
22039000000, -1.023772e+002,
22039125000, -1.031094e+002,
22039250000, -1.027066e+002,
22039375000, -1.037019e+002,
22039500000, -1.029515e+002,
22039625000, -1.024830e+002,
22039750000, -1.022512e+002,
22039875000, -1.026028e+002,
22040000000, -1.036634e+002,
22040125000, -1.035686e+002,
22040250000, -1.024788e+002,
22040375000, -1.036849e+002,
22040500000, -1.036107e+002,
22040625000, -1.022239e+002,
22040750000, -1.040148e+002,
22040875000, -1.037141e+002,
22041000000, -1.026485e+002,
22041125000, -1.024628e+002,
22041250000, -1.026475e+002,
22041375000, -1.037272e+002,
22041500000, -1.025793e+002,
22041625000, -1.026483e+002,
22041750000, -1.040939e+002,
22041875000, -1.020515e+002,
22042000000, -1.018191e+002,
22042125000, -1.025319e+002,
22042250000, -1.033310e+002,
22042375000, -1.032169e+002,
22042500000, -1.026890e+002,
22042625000, -1.023340e+002,
22042750000, -1.024169e+002,
22042875000, -1.032009e+002,
22043000000, -1.030599e+002,
22043125000, -1.031303e+002,
22043250000, -1.027442e+002,
22043375000, -1.027307e+002,
22043500000, -1.021071e+002,
22043625000, -1.031885e+002,
22043750000, -1.035061e+002,
22043875000, -1.036681e+002,
22044000000, -1.027399e+002,
22044125000, -1.032380e+002,
22044250000, -1.022804e+002,
22044375000, -1.042153e+002,
22044500000, -1.020991e+002,
22044625000, -1.026744e+002,
22044750000, -1.027624e+002,
22044875000, -1.025675e+002,
22045000000, -1.044031e+002,
22045125000, -1.030711e+002,
22045250000, -1.024562e+002,
22045375000, -1.024970e+002,
22045500000, -1.028815e+002,
22045625000, -1.025956e+002,
22045750000, -1.029710e+002,
22045875000, -1.031595e+002,
22046000000, -1.035276e+002,
22046125000, -1.021643e+002,
22046250000, -1.046523e+002,
22046375000, -1.031541e+002,
22046500000, -1.023185e+002,
22046625000, -1.024059e+002,
22046750000, -1.031320e+002,
22046875000, -1.019328e+002,
22047000000, -1.022189e+002,
22047125000, -1.032861e+002,
22047250000, -1.037777e+002,
22047375000, -1.034166e+002,
22047500000, -1.029029e+002,
22047625000, -1.032781e+002,
22047750000, -1.022369e+002,
22047875000, -1.017277e+002,
22048000000, -1.033555e+002,
22048125000, -1.030733e+002,
22048250000, -1.025728e+002,
22048375000, -1.028274e+002,
22048500000, -1.025384e+002,
22048625000, -1.031867e+002,
22048750000, -1.030553e+002,
22048875000, -1.029319e+002,
22049000000, -1.011154e+002,
22049125000, -1.023649e+002,
22049250000, -1.030211e+002,
22049375000, -1.036551e+002,
22049500000, -1.035488e+002,
22049625000, -1.021196e+002,
22049750000, -1.041663e+002,
22049875000, -1.023491e+002,
22050000000, -1.030306e+002,
22050125000, -1.019060e+002,
22050250000, -1.038071e+002,
22050375000, -1.030260e+002,
22050500000, -1.029221e+002,
22050625000, -1.031133e+002,
22050750000, -1.043283e+002,
22050875000, -1.016448e+002,
22051000000, -1.020866e+002,
22051125000, -1.027295e+002,
22051250000, -1.031783e+002,
22051375000, -1.025562e+002,
22051500000, -1.022751e+002,
22051625000, -1.018485e+002,
22051750000, -1.012153e+002,
22051875000, -1.021325e+002,
22052000000, -1.039485e+002,
22052125000, -1.028718e+002,
22052250000, -1.028355e+002,
22052375000, -1.022847e+002,
22052500000, -1.026064e+002,
22052625000, -1.037947e+002,
22052750000, -1.022692e+002,
22052875000, -1.025809e+002,
22053000000, -1.045818e+002,
22053125000, -1.026499e+002,
22053250000, -1.032999e+002,
22053375000, -1.023017e+002,
22053500000, -1.025553e+002,
22053625000, -1.034677e+002,
22053750000, -1.035722e+002,
22053875000, -1.024242e+002,
22054000000, -9.800122e+001,
22054125000, -1.030949e+002,
22054250000, -1.024571e+002,
22054375000, -1.033010e+002,
22054500000, -1.032332e+002,
22054625000, -1.037375e+002,
22054750000, -1.024346e+002,
22054875000, -1.031837e+002,
22055000000, -1.034986e+002,
22055125000, -1.025618e+002,
22055250000, -1.035107e+002,
22055375000, -1.007536e+002,
22055500000, -1.030545e+002,
22055625000, -1.026512e+002,
22055750000, -1.025775e+002,
22055875000, -1.023572e+002,
22056000000, -1.028335e+002,
22056125000, -1.037010e+002,
22056250000, -1.036274e+002,
22056375000, -1.027057e+002,
22056500000, -1.013815e+002,
22056625000, -1.016538e+002,
22056750000, -1.042850e+002,
22056875000, -1.047329e+002,
22057000000, -1.042126e+002,
22057125000, -1.029445e+002,
22057250000, -1.034037e+002,
22057375000, -1.040541e+002,
22057500000, -1.019785e+002,
22057625000, -1.028251e+002,
22057750000, -1.047531e+002,
22057875000, -1.032947e+002,
22058000000, -1.032423e+002,
22058125000, -1.038842e+002,
22058250000, -1.013910e+002,
22058375000, -1.043038e+002,
22058500000, -1.021404e+002,
22058625000, -1.022122e+002,
22058750000, -1.034758e+002,
22058875000, -1.038783e+002,
22059000000, -1.038347e+002,
22059125000, -1.028924e+002,
22059250000, -1.018413e+002,
22059375000, -1.023792e+002,
22059500000, -1.030366e+002,
22059625000, -1.025963e+002,
22059750000, -1.032729e+002,
22059875000, -1.022186e+002,
22060000000, -1.030558e+002,
22060125000, -1.036632e+002,
22060250000, -1.028991e+002,
22060375000, -1.021551e+002,
22060500000, -1.036887e+002,
22060625000, -1.031884e+002,
22060750000, -1.030464e+002,
22060875000, -1.045598e+002,
22061000000, -1.032063e+002,
22061125000, -1.018786e+002,
22061250000, -1.029702e+002,
22061375000, -1.021341e+002,
22061500000, -1.033859e+002,
22061625000, -1.024019e+002,
22061750000, -1.042540e+002,
22061875000, -1.030051e+002,
22062000000, -1.025739e+002,
22062125000, -1.025445e+002,
22062250000, -1.020928e+002,
22062375000, -1.017106e+002,
22062500000, -1.031882e+002,
22062625000, -1.027320e+002,
22062750000, -1.025724e+002,
22062875000, -1.031308e+002,
22063000000, -1.032253e+002,
22063125000, -1.033606e+002,
22063250000, -1.033633e+002,
22063375000, -1.037412e+002,
22063500000, -1.022299e+002,
22063625000, -1.018945e+002,
22063750000, -1.020022e+002,
22063875000, -1.033401e+002,
22064000000, -1.033874e+002,
22064125000, -1.024763e+002,
22064250000, -1.034887e+002,
22064375000, -1.032954e+002,
22064500000, -1.035930e+002,
22064625000, -1.036564e+002,
22064750000, -1.037477e+002,
22064875000, -1.020083e+002,
22065000000, -1.039461e+002,
22065125000, -1.029974e+002,
22065250000, -1.018820e+002,
22065375000, -1.037601e+002,
22065500000, -1.038349e+002,
22065625000, -1.025801e+002,
22065750000, -1.033352e+002,
22065875000, -1.034294e+002,
22066000000, -1.041566e+002,
22066125000, -1.030558e+002,
22066250000, -1.024889e+002,
22066375000, -1.022637e+002,
22066500000, -1.022601e+002,
22066625000, -1.028812e+002,
22066750000, -1.028481e+002,
22066875000, -1.043719e+002,
22067000000, -1.028540e+002,
22067125000, -1.018140e+002,
22067250000, -1.030160e+002,
22067375000, -1.025878e+002,
22067500000, -1.025732e+002,
22067625000, -1.027282e+002,
22067750000, -1.038573e+002,
22067875000, -1.032138e+002,
22068000000, -1.012273e+002,
22068125000, -1.041190e+002,
22068250000, -1.030655e+002,
22068375000, -1.031615e+002,
22068500000, -1.031763e+002,
22068625000, -1.029128e+002,
22068750000, -1.026348e+002,
22068875000, -1.027005e+002,
22069000000, -1.016520e+002,
22069125000, -1.031381e+002,
22069250000, -1.019833e+002,
22069375000, -1.019121e+002,
22069500000, -1.045843e+002,
22069625000, -1.022653e+002,
22069750000, -1.030196e+002,
22069875000, -1.021929e+002,
22070000000, -8.198804e+001,
22070125000, -1.027947e+002,
22070250000, -1.013929e+002,
22070375000, -1.028079e+002,
22070500000, -1.028066e+002,
22070625000, -1.023484e+002,
22070750000, -1.021516e+002,
22070875000, -1.029113e+002,
22071000000, -1.039028e+002,
22071125000, -1.028890e+002,
22071250000, -1.043039e+002,
22071375000, -1.034564e+002,
22071500000, -1.027592e+002,
22071625000, -1.040510e+002,
22071750000, -1.039373e+002,
22071875000, -1.024366e+002,
22072000000, -1.020283e+002,
22072125000, -1.025042e+002,
22072250000, -1.031843e+002,
22072375000, -1.032505e+002,
22072500000, -1.039884e+002,
22072625000, -1.016531e+002,
22072750000, -1.024891e+002,
22072875000, -1.035324e+002,
22073000000, -1.018853e+002,
22073125000, -1.038603e+002,
22073250000, -1.027581e+002,
22073375000, -1.046547e+002,
22073500000, -1.034256e+002,
22073625000, -1.034795e+002,
22073750000, -1.041128e+002,
22073875000, -1.033938e+002,
22074000000, -1.029578e+002,
22074125000, -1.042853e+002,
22074250000, -1.025491e+002,
22074375000, -1.020105e+002,
22074500000, -1.027204e+002,
22074625000, -1.040491e+002,
22074750000, -1.034896e+002,
22074875000, -1.032841e+002,
22075000000, -1.020258e+002,
22075125000, -1.038380e+002,
22075250000, -1.028516e+002,
22075375000, -1.031486e+002,
22075500000, -1.030434e+002,
22075625000, -1.028007e+002,
22075750000, -1.019235e+002,
22075875000, -1.044606e+002,
22076000000, -1.028849e+002,
22076125000, -1.018941e+002,
22076250000, -1.027809e+002,
22076375000, -1.027440e+002,
22076500000, -1.041274e+002,
22076625000, -1.033162e+002,
22076750000, -1.027206e+002,
22076875000, -1.035556e+002,
22077000000, -1.038186e+002,
22077125000, -1.031232e+002,
22077250000, -1.029106e+002,
22077375000, -1.023092e+002,
22077500000, -1.030437e+002,
22077625000, -1.033582e+002,
22077750000, -1.030723e+002,
22077875000, -1.035716e+002,
22078000000, -1.021049e+002,
22078125000, -1.016131e+002,
22078250000, -1.034674e+002,
22078375000, -1.034061e+002,
22078500000, -1.012359e+002,
22078625000, -1.033019e+002,
22078750000, -1.031577e+002,
22078875000, -1.019887e+002,
22079000000, -1.048982e+002,
22079125000, -1.022823e+002,
22079250000, -1.034935e+002,
22079375000, -1.024062e+002,
22079500000, -1.030081e+002,
22079625000, -1.015491e+002,
22079750000, -1.032809e+002,
22079875000, -1.039906e+002,
22080000000, -1.027402e+002,
22080125000, -1.034174e+002,
22080250000, -1.035418e+002,
22080375000, -1.036113e+002,
22080500000, -1.037178e+002,
22080625000, -1.044887e+002,
22080750000, -1.015244e+002,
22080875000, -1.016543e+002,
22081000000, -1.041512e+002,
22081125000, -1.025549e+002,
22081250000, -1.031007e+002,
22081375000, -1.032663e+002,
22081500000, -1.027048e+002,
22081625000, -1.031666e+002,
22081750000, -1.031964e+002,
22081875000, -1.027951e+002,
22082000000, -1.022337e+002,
22082125000, -1.040291e+002,
22082250000, -1.037702e+002,
22082375000, -1.020990e+002,
22082500000, -1.029610e+002,
22082625000, -1.030144e+002,
22082750000, -1.028517e+002,
22082875000, -1.021510e+002,
22083000000, -1.024608e+002,
22083125000, -1.034547e+002,
22083250000, -1.036074e+002,
22083375000, -1.033015e+002,
22083500000, -1.027188e+002,
22083625000, -1.021022e+002,
22083750000, -1.023460e+002,
22083875000, -1.035469e+002,
22084000000, -1.021196e+002,
22084125000, -1.044079e+002,
22084250000, -1.030165e+002,
22084375000, -1.034529e+002,
22084500000, -1.036031e+002,
22084625000, -1.016945e+002,
22084750000, -1.028161e+002,
22084875000, -1.017109e+002,
22085000000, -1.043110e+002,
22085125000, -1.031562e+002,
22085250000, -1.033459e+002,
22085375000, -1.018656e+002,
22085500000, -1.033797e+002,
22085625000, -1.030126e+002,
22085750000, -1.032376e+002,
22085875000, -1.020063e+002,
22086000000, -1.040889e+002,
22086125000, -1.035671e+002,
22086250000, -1.026133e+002,
22086375000, -1.039329e+002,
22086500000, -1.027412e+002,
22086625000, -1.033345e+002,
22086750000, -1.034507e+002,
22086875000, -1.034040e+002,
22087000000, -1.033700e+002,
22087125000, -1.017679e+002,
22087250000, -1.028492e+002,
22087375000, -1.041376e+002,
22087500000, -1.023952e+002,
22087625000, -1.026112e+002,
22087750000, -1.023544e+002,
22087875000, -1.023881e+002,
22088000000, -1.028895e+002,
22088125000, -1.030294e+002,
22088250000, -1.023715e+002,
22088375000, -1.031038e+002,
22088500000, -1.035941e+002,
22088625000, -1.025694e+002,
22088750000, -1.051600e+002,
22088875000, -1.035105e+002,
22089000000, -1.036792e+002,
22089125000, -1.020323e+002,
22089250000, -1.018969e+002,
22089375000, -1.036528e+002,
22089500000, -1.044989e+002,
22089625000, -1.039735e+002,
22089750000, -1.037005e+002,
22089875000, -1.041068e+002,
22090000000, -1.034323e+002,
22090125000, -1.033844e+002,
22090250000, -1.020471e+002,
22090375000, -1.030428e+002,
22090500000, -1.032545e+002,
22090625000, -1.022140e+002,
22090750000, -1.031867e+002,
22090875000, -1.027193e+002,
22091000000, -1.020645e+002,
22091125000, -1.041009e+002,
22091250000, -1.011749e+002,
22091375000, -1.028129e+002,
22091500000, -1.030749e+002,
22091625000, -1.035183e+002,
22091750000, -1.021478e+002,
22091875000, -1.031211e+002,
22092000000, -1.022197e+002,
22092125000, -1.035487e+002,
22092250000, -1.037865e+002,
22092375000, -1.030261e+002,
22092500000, -1.024907e+002,
22092625000, -1.033413e+002,
22092750000, -1.038308e+002,
22092875000, -1.024745e+002,
22093000000, -1.025525e+002,
22093125000, -1.042964e+002,
22093250000, -1.037230e+002,
22093375000, -1.032431e+002,
22093500000, -1.021253e+002,
22093625000, -1.037825e+002,
22093750000, -1.021524e+002,
22093875000, -1.026556e+002,
22094000000, -1.038512e+002,
22094125000, -1.039594e+002,
22094250000, -1.025213e+002,
22094375000, -1.046585e+002,
22094500000, -1.034566e+002,
22094625000, -1.031055e+002,
22094750000, -1.038839e+002,
22094875000, -1.042040e+002,
22095000000, -1.029684e+002,
22095125000, -1.033322e+002,
22095250000, -1.027254e+002,
22095375000, -1.018033e+002,
22095500000, -1.018272e+002,
22095625000, -1.032111e+002,
22095750000, -1.017020e+002,
22095875000, -1.038907e+002,
22096000000, -1.032525e+002,
22096125000, -1.015465e+002,
22096250000, -1.029092e+002,
22096375000, -1.026073e+002,
22096500000, -1.021689e+002,
22096625000, -1.033060e+002,
22096750000, -1.028477e+002,
22096875000, -1.028982e+002,
22097000000, -1.039986e+002,
22097125000, -1.040381e+002,
22097250000, -1.023564e+002,
22097375000, -1.040685e+002,
22097500000, -1.027894e+002,
22097625000, -1.025385e+002,
22097750000, -1.029776e+002,
22097875000, -1.038468e+002,
22098000000, -1.036794e+002,
22098125000, -1.034465e+002,
22098250000, -1.042593e+002,
22098375000, -1.032560e+002,
22098500000, -1.026654e+002,
22098625000, -1.034668e+002,
22098750000, -1.030205e+002,
22098875000, -1.019826e+002,
22099000000, -1.028715e+002,
22099125000, -1.033911e+002,
22099250000, -1.022240e+002,
22099375000, -1.025339e+002,
22099500000, -1.037854e+002,
22099625000, -1.024709e+002,
22099750000, -1.035438e+002,
22099875000, -1.025686e+002,
22100000000, -1.016832e+002,
22100125000, -1.036404e+002,
22100250000, -1.025822e+002,
22100375000, -1.028560e+002,
22100500000, -1.026131e+002,
22100625000, -1.026826e+002,
22100750000, -1.050319e+002,
22100875000, -1.039704e+002,
22101000000, -1.027267e+002,
22101125000, -1.044459e+002,
22101250000, -1.034357e+002,
22101375000, -1.036403e+002,
22101500000, -1.031162e+002,
22101625000, -1.022534e+002,
22101750000, -1.036308e+002,
22101875000, -1.036987e+002,
22102000000, -1.006067e+002,
22102125000, -1.039269e+002,
22102250000, -1.009436e+002,
22102375000, -1.022951e+002,
22102500000, -1.019546e+002,
22102625000, -1.015321e+002,
22102750000, -1.020547e+002,
22102875000, -1.015793e+002,
22103000000, -1.023197e+002,
22103125000, -1.031167e+002,
22103250000, -1.014284e+002,
22103375000, -1.036400e+002,
22103500000, -1.039616e+002,
22103625000, -1.025347e+002,
22103750000, -1.036922e+002,
22103875000, -1.034432e+002,
22104000000, -9.892245e+001,
22104125000, -1.017624e+002,
22104250000, -1.022432e+002,
22104375000, -1.026075e+002,
22104500000, -1.029646e+002,
22104625000, -1.033269e+002,
22104750000, -1.039187e+002,
22104875000, -1.027016e+002,
22105000000, -1.021892e+002,
22105125000, -1.032211e+002,
22105250000, -1.023717e+002,
22105375000, -1.033050e+002,
22105500000, -1.028298e+002,
22105625000, -1.038140e+002,
22105750000, -1.030213e+002,
22105875000, -1.040093e+002,
22106000000, -1.043142e+002,
22106125000, -1.031961e+002,
22106250000, -1.034183e+002,
22106375000, -1.038784e+002,
22106500000, -1.019363e+002,
22106625000, -1.032502e+002,
22106750000, -1.032301e+002,
22106875000, -1.031672e+002,
22107000000, -1.036952e+002,
22107125000, -1.024156e+002,
22107250000, -1.028002e+002,
22107375000, -1.031762e+002,
22107500000, -1.035545e+002,
22107625000, -1.036184e+002,
22107750000, -1.029251e+002,
22107875000, -1.035460e+002,
22108000000, -1.026334e+002,
22108125000, -1.039442e+002,
22108250000, -1.026759e+002,
22108375000, -1.029629e+002,
22108500000, -1.032578e+002,
22108625000, -1.033191e+002,
22108750000, -1.024281e+002,
22108875000, -1.029478e+002,
22109000000, -1.033522e+002,
22109125000, -1.023770e+002,
22109250000, -1.019437e+002,
22109375000, -1.027370e+002,
22109500000, -1.028152e+002,
22109625000, -1.031008e+002,
22109750000, -1.048761e+002,
22109875000, -1.038772e+002,
22110000000, -1.028765e+002,
22110125000, -1.031116e+002,
22110250000, -1.046653e+002,
22110375000, -1.028021e+002,
22110500000, -1.023289e+002,
22110625000, -1.022261e+002,
22110750000, -1.025688e+002,
22110875000, -1.023210e+002,
22111000000, -1.017092e+002,
22111125000, -1.057067e+002,
22111250000, -1.031189e+002,
22111375000, -1.020790e+002,
22111500000, -1.036500e+002,
22111625000, -1.027645e+002,
22111750000, -1.022507e+002,
22111875000, -1.037103e+002,
22112000000, -1.039517e+002,
22112125000, -1.036337e+002,
22112250000, -1.036070e+002,
22112375000, -1.022843e+002,
22112500000, -1.028428e+002,
22112625000, -1.019146e+002,
22112750000, -1.028591e+002,
22112875000, -1.026800e+002,
22113000000, -1.029935e+002,
22113125000, -1.043643e+002,
22113250000, -1.040967e+002,
22113375000, -1.017943e+002,
22113500000, -1.025454e+002,
22113625000, -1.035465e+002,
22113750000, -1.031458e+002,
22113875000, -1.032315e+002,
22114000000, -1.029471e+002,
22114125000, -1.034942e+002,
22114250000, -1.046004e+002,
22114375000, -1.021397e+002,
22114500000, -1.028428e+002,
22114625000, -1.033710e+002,
22114750000, -1.027026e+002,
22114875000, -1.031456e+002,
22115000000, -1.028149e+002,
22115125000, -1.012363e+002,
22115250000, -1.024558e+002,
22115375000, -1.045041e+002,
22115500000, -1.042097e+002,
22115625000, -1.024816e+002,
22115750000, -1.021961e+002,
22115875000, -1.035571e+002,
22116000000, -1.029832e+002,
22116125000, -1.019436e+002,
22116250000, -1.024987e+002,
22116375000, -1.027500e+002,
22116500000, -1.030763e+002,
22116625000, -1.033212e+002,
22116750000, -1.031193e+002,
22116875000, -1.032598e+002,
22117000000, -1.029542e+002,
22117125000, -1.041795e+002,
22117250000, -1.048141e+002,
22117375000, -1.037458e+002,
22117500000, -1.037771e+002,
22117625000, -1.027876e+002,
22117750000, -1.035498e+002,
22117875000, -1.028167e+002,
22118000000, -1.021442e+002,
22118125000, -1.018230e+002,
22118250000, -1.018443e+002,
22118375000, -1.029508e+002,
22118500000, -1.031580e+002,
22118625000, -1.025357e+002,
22118750000, -1.028918e+002,
22118875000, -1.031890e+002,
22119000000, -1.020119e+002,
22119125000, -1.029976e+002,
22119250000, -1.029052e+002,
22119375000, -1.021127e+002,
22119500000, -1.019459e+002,
22119625000, -1.037953e+002,
22119750000, -1.032593e+002,
22119875000, -1.040956e+002,
22120000000, -8.117191e+001,
22120125000, -1.036951e+002,
22120250000, -1.034579e+002,
22120375000, -1.024651e+002,
22120500000, -1.045621e+002,
22120625000, -1.036848e+002,
22120750000, -1.036785e+002,
22120875000, -1.025852e+002,
22121000000, -1.022347e+002,
22121125000, -1.037213e+002,
22121250000, -1.025365e+002,
22121375000, -1.027836e+002,
22121500000, -1.021593e+002,
22121625000, -1.044634e+002,
22121750000, -1.011250e+002,
22121875000, -1.027930e+002,
22122000000, -1.008274e+002,
22122125000, -1.022087e+002,
22122250000, -1.025083e+002,
22122375000, -1.022850e+002,
22122500000, -1.037920e+002,
22122625000, -1.023251e+002,
22122750000, -1.057636e+002,
22122875000, -1.039368e+002,
22123000000, -1.031001e+002,
22123125000, -1.028802e+002,
22123250000, -1.028451e+002,
22123375000, -1.033222e+002,
22123500000, -1.041350e+002,
22123625000, -1.027825e+002,
22123750000, -1.033113e+002,
22123875000, -1.028603e+002,
22124000000, -1.039904e+002,
22124125000, -1.034716e+002,
22124250000, -1.034874e+002,
22124375000, -1.020530e+002,
22124500000, -1.020029e+002,
22124625000, -1.046918e+002,
22124750000, -1.025559e+002,
22124875000, -1.034360e+002,
22125000000, -1.032264e+002,
22125125000, -1.036521e+002,
22125250000, -1.035524e+002,
22125375000, -1.019311e+002,
22125500000, -1.020668e+002,
22125625000, -1.024549e+002,
22125750000, -1.035609e+002,
22125875000, -1.034967e+002,
22126000000, -1.035255e+002,
22126125000, -1.033272e+002,
22126250000, -1.027570e+002,
22126375000, -1.032339e+002,
22126500000, -1.026052e+002,
22126625000, -1.026818e+002,
22126750000, -1.020506e+002,
22126875000, -1.032813e+002,
22127000000, -1.030551e+002,
22127125000, -1.028439e+002,
22127250000, -1.022892e+002,
22127375000, -1.030759e+002,
22127500000, -1.034142e+002,
22127625000, -1.037607e+002,
22127750000, -1.033604e+002,
22127875000, -1.029814e+002,
22128000000, -1.025650e+002,
22128125000, -1.032606e+002,
22128250000, -1.035000e+002,
22128375000, -1.026191e+002,
22128500000, -1.027058e+002,
22128625000, -1.029562e+002,
22128750000, -1.015412e+002,
22128875000, -1.036149e+002,
22129000000, -1.031025e+002,
22129125000, -1.027707e+002,
22129250000, -1.036016e+002,
22129375000, -1.021288e+002,
22129500000, -1.029230e+002,
22129625000, -1.021507e+002,
22129750000, -1.024346e+002,
22129875000, -1.028884e+002,
22130000000, -1.022697e+002,
22130125000, -1.018544e+002,
22130250000, -1.029794e+002,
22130375000, -1.020238e+002,
22130500000, -1.023014e+002,
22130625000, -1.037894e+002,
22130750000, -1.028926e+002,
22130875000, -1.032282e+002,
22131000000, -1.021871e+002,
22131125000, -1.030800e+002,
22131250000, -1.036060e+002,
22131375000, -1.030416e+002,
22131500000, -1.037060e+002,
22131625000, -1.024334e+002,
22131750000, -1.027638e+002,
22131875000, -1.021678e+002,
22132000000, -1.032302e+002,
22132125000, -1.025096e+002,
22132250000, -1.040936e+002,
22132375000, -1.034415e+002,
22132500000, -1.019820e+002,
22132625000, -1.028368e+002,
22132750000, -1.025353e+002,
22132875000, -1.025028e+002,
22133000000, -1.044748e+002,
22133125000, -1.041754e+002,
22133250000, -1.015998e+002,
22133375000, -1.034514e+002,
22133500000, -1.041799e+002,
22133625000, -1.028498e+002,
22133750000, -1.038085e+002,
22133875000, -1.020508e+002,
22134000000, -1.035768e+002,
22134125000, -1.034459e+002,
22134250000, -1.026854e+002,
22134375000, -1.019339e+002,
22134500000, -1.034435e+002,
22134625000, -1.022523e+002,
22134750000, -1.021621e+002,
22134875000, -1.043714e+002,
22135000000, -1.041811e+002,
22135125000, -1.032968e+002,
22135250000, -1.029702e+002,
22135375000, -1.031722e+002,
22135500000, -1.047384e+002,
22135625000, -1.026634e+002,
22135750000, -1.039224e+002,
22135875000, -1.029109e+002,
22136000000, -1.024036e+002,
22136125000, -1.029630e+002,
22136250000, -1.041812e+002,
22136375000, -1.038123e+002,
22136500000, -1.041617e+002,
22136625000, -1.021636e+002,
22136750000, -1.026445e+002,
22136875000, -1.043090e+002,
22137000000, -1.035442e+002,
22137125000, -1.023953e+002,
22137250000, -1.044106e+002,
22137375000, -1.029786e+002,
22137500000, -1.021822e+002,
22137625000, -1.015320e+002,
22137750000, -1.033372e+002,
22137875000, -1.029047e+002,
22138000000, -1.031080e+002,
22138125000, -1.030396e+002,
22138250000, -1.031249e+002,
22138375000, -1.028069e+002,
22138500000, -1.018156e+002,
22138625000, -1.046034e+002,
22138750000, -1.031733e+002,
22138875000, -1.036446e+002,
22139000000, -1.031636e+002,
22139125000, -1.014909e+002,
22139250000, -1.020742e+002,
22139375000, -1.033902e+002,
22139500000, -1.022493e+002,
22139625000, -1.036215e+002,
22139750000, -1.029255e+002,
22139875000, -1.029190e+002,
22140000000, -1.029802e+002,
22140125000, -1.028147e+002,
22140250000, -1.040707e+002,
22140375000, -1.036694e+002,
22140500000, -1.033509e+002,
22140625000, -1.023360e+002,
22140750000, -1.023046e+002,
22140875000, -1.043944e+002,
22141000000, -1.022942e+002,
22141125000, -1.037680e+002,
22141250000, -1.024852e+002,
22141375000, -1.030774e+002,
22141500000, -1.021342e+002,
22141625000, -1.027691e+002,
22141750000, -1.038624e+002,
22141875000, -1.034889e+002,
22142000000, -1.037648e+002,
22142125000, -1.023668e+002,
22142250000, -1.027883e+002,
22142375000, -1.032644e+002,
22142500000, -1.029432e+002,
22142625000, -1.021817e+002,
22142750000, -1.029942e+002,
22142875000, -1.028437e+002,
22143000000, -1.035350e+002,
22143125000, -1.021668e+002,
22143250000, -1.022206e+002,
22143375000, -1.021906e+002,
22143500000, -1.037890e+002,
22143625000, -1.020432e+002,
22143750000, -1.026461e+002,
22143875000, -1.033932e+002,
22144000000, -1.041880e+002,
22144125000, -1.023827e+002,
22144250000, -1.025321e+002,
22144375000, -1.025186e+002,
22144500000, -1.037539e+002,
22144625000, -1.035870e+002,
22144750000, -1.036156e+002,
22144875000, -1.027882e+002,
22145000000, -1.034577e+002,
22145125000, -1.037155e+002,
22145250000, -1.029905e+002,
22145375000, -1.028910e+002,
22145500000, -1.027401e+002,
22145625000, -1.023561e+002,
22145750000, -1.020336e+002,
22145875000, -1.024850e+002,
22146000000, -1.027741e+002,
22146125000, -1.032710e+002,
22146250000, -1.041447e+002,
22146375000, -1.031019e+002,
22146500000, -1.026898e+002,
22146625000, -1.020437e+002,
22146750000, -1.030213e+002,
22146875000, -1.030222e+002,
22147000000, -1.045789e+002,
22147125000, -1.036777e+002,
22147250000, -1.027779e+002,
22147375000, -1.025223e+002,
22147500000, -1.038618e+002,
22147625000, -1.029909e+002,
22147750000, -1.021904e+002,
22147875000, -1.030732e+002,
22148000000, -1.030250e+002,
22148125000, -1.024608e+002,
22148250000, -1.024762e+002,
22148375000, -1.030986e+002,
22148500000, -1.024962e+002,
22148625000, -1.037089e+002,
22148750000, -1.024807e+002,
22148875000, -1.018660e+002,
22149000000, -1.031623e+002,
22149125000, -1.025708e+002,
22149250000, -1.025247e+002,
22149375000, -1.018279e+002,
22149500000, -1.026783e+002,
22149625000, -1.024840e+002,
22149750000, -1.036450e+002,
22149875000, -1.026161e+002,
22150000000, -1.028722e+002,
22150125000, -1.030009e+002,
22150250000, -1.029305e+002,
22150375000, -1.023413e+002,
22150500000, -1.030401e+002,
22150625000, -1.027534e+002,
22150750000, -1.030662e+002,
22150875000, -1.014995e+002,
22151000000, -1.035469e+002,
22151125000, -1.028946e+002,
22151250000, -1.015620e+002,
22151375000, -1.033072e+002,
22151500000, -1.029686e+002,
22151625000, -1.026993e+002,
22151750000, -1.036669e+002,
22151875000, -1.044982e+002,
22152000000, -1.022769e+002,
22152125000, -1.021404e+002,
22152250000, -1.033297e+002,
22152375000, -1.022052e+002,
22152500000, -1.028832e+002,
22152625000, -1.044043e+002,
22152750000, -1.036001e+002,
22152875000, -1.008807e+002,
22153000000, -1.040208e+002,
22153125000, -1.022261e+002,
22153250000, -1.032669e+002,
22153375000, -1.020100e+002,
22153500000, -1.024628e+002,
22153625000, -1.026253e+002,
22153750000, -1.039953e+002,
22153875000, -1.026877e+002,
22154000000, -9.965214e+001,
22154125000, -1.047228e+002,
22154250000, -1.036025e+002,
22154375000, -1.036035e+002,
22154500000, -1.027470e+002,
22154625000, -1.017772e+002,
22154750000, -1.040109e+002,
22154875000, -1.031380e+002,
22155000000, -1.035852e+002,
22155125000, -1.048662e+002,
22155250000, -1.027283e+002,
22155375000, -1.029242e+002,
22155500000, -1.029992e+002,
22155625000, -1.032069e+002,
22155750000, -1.032566e+002,
22155875000, -1.033936e+002,
22156000000, -1.031352e+002,
22156125000, -1.025617e+002,
22156250000, -1.037547e+002,
22156375000, -1.019787e+002,
22156500000, -1.044364e+002,
22156625000, -1.042919e+002,
22156750000, -1.036503e+002,
22156875000, -1.028180e+002,
22157000000, -1.027138e+002,
22157125000, -1.034633e+002,
22157250000, -1.023892e+002,
22157375000, -1.037663e+002,
22157500000, -1.027530e+002,
22157625000, -1.023468e+002,
22157750000, -1.032301e+002,
22157875000, -1.032285e+002,
22158000000, -1.037834e+002,
22158125000, -1.024271e+002,
22158250000, -1.024036e+002,
22158375000, -1.031278e+002,
22158500000, -1.025277e+002,
22158625000, -1.047070e+002,
22158750000, -1.043998e+002,
22158875000, -1.027348e+002,
22159000000, -1.041142e+002,
22159125000, -1.022404e+002,
22159250000, -1.029605e+002,
22159375000, -1.024519e+002,
22159500000, -1.044029e+002,
22159625000, -1.033802e+002,
22159750000, -1.024222e+002,
22159875000, -1.029261e+002,
22160000000, -1.033168e+002,
22160125000, -1.033385e+002,
22160250000, -1.022285e+002,
22160375000, -1.026762e+002,
22160500000, -1.039810e+002,
22160625000, -1.036168e+002,
22160750000, -1.039829e+002,
22160875000, -1.038884e+002,
22161000000, -1.022323e+002,
22161125000, -1.024847e+002,
22161250000, -1.025471e+002,
22161375000, -1.031268e+002,
22161500000, -1.030958e+002,
22161625000, -1.030161e+002,
22161750000, -1.034933e+002,
22161875000, -1.025989e+002,
22162000000, -1.023962e+002,
22162125000, -1.032858e+002,
22162250000, -1.047631e+002,
22162375000, -1.018446e+002,
22162500000, -1.027424e+002,
22162625000, -1.029512e+002,
22162750000, -1.035872e+002,
22162875000, -1.030452e+002,
22163000000, -1.027398e+002,
22163125000, -1.030342e+002,
22163250000, -1.040764e+002,
22163375000, -1.024003e+002,
22163500000, -1.030749e+002,
22163625000, -1.041846e+002,
22163750000, -1.026735e+002,
22163875000, -1.035140e+002,
22164000000, -1.020839e+002,
22164125000, -1.041727e+002,
22164250000, -1.020400e+002,
22164375000, -1.035891e+002,
22164500000, -1.034817e+002,
22164625000, -1.034102e+002,
22164750000, -1.034543e+002,
22164875000, -1.039530e+002,
22165000000, -1.035793e+002,
22165125000, -1.015578e+002,
22165250000, -1.044500e+002,
22165375000, -1.022823e+002,
22165500000, -1.038317e+002,
22165625000, -1.032657e+002,
22165750000, -1.033461e+002,
22165875000, -1.033005e+002,
22166000000, -1.035597e+002,
22166125000, -1.028485e+002,
22166250000, -1.037414e+002,
22166375000, -1.022227e+002,
22166500000, -1.036070e+002,
22166625000, -1.030713e+002,
22166750000, -1.022303e+002,
22166875000, -1.025920e+002,
22167000000, -1.025396e+002,
22167125000, -1.016324e+002,
22167250000, -1.030048e+002,
22167375000, -1.037656e+002,
22167500000, -1.028322e+002,
22167625000, -1.032716e+002,
22167750000, -1.042942e+002,
22167875000, -1.018901e+002,
22168000000, -1.017148e+002,
22168125000, -1.043370e+002,
22168250000, -1.029966e+002,
22168375000, -1.033293e+002,
22168500000, -1.025143e+002,
22168625000, -1.023222e+002,
22168750000, -1.019668e+002,
22168875000, -1.030191e+002,
22169000000, -1.036290e+002,
22169125000, -1.027137e+002,
22169250000, -1.035776e+002,
22169375000, -1.027661e+002,
22169500000, -1.039690e+002,
22169625000, -1.041654e+002,
22169750000, -1.031529e+002,
22169875000, -1.018574e+002,
22170000000, -8.100588e+001,
22170125000, -1.042135e+002,
22170250000, -1.026200e+002,
22170375000, -1.019080e+002,
22170500000, -1.032490e+002,
22170625000, -1.019557e+002,
22170750000, -1.048636e+002,
22170875000, -1.024482e+002,
22171000000, -1.040543e+002,
22171125000, -1.032362e+002,
22171250000, -1.021626e+002,
22171375000, -1.030186e+002,
22171500000, -1.031597e+002,
22171625000, -1.019557e+002,
22171750000, -1.028173e+002,
22171875000, -1.019715e+002,
22172000000, -1.017128e+002,
22172125000, -1.014796e+002,
22172250000, -1.024295e+002,
22172375000, -1.034323e+002,
22172500000, -1.036847e+002,
22172625000, -1.034007e+002,
22172750000, -1.042149e+002,
22172875000, -1.051023e+002,
22173000000, -1.033396e+002,
22173125000, -1.025565e+002,
22173250000, -1.025232e+002,
22173375000, -1.023635e+002,
22173500000, -1.054036e+002,
22173625000, -1.032115e+002,
22173750000, -1.060430e+002,
22173875000, -1.033206e+002,
22174000000, -1.029864e+002,
22174125000, -1.027814e+002,
22174250000, -1.045557e+002,
22174375000, -1.029134e+002,
22174500000, -1.025929e+002,
22174625000, -1.035577e+002,
22174750000, -1.049537e+002,
22174875000, -1.035386e+002,
22175000000, -1.021908e+002,
22175125000, -1.035679e+002,
22175250000, -1.023726e+002,
22175375000, -1.021483e+002,
22175500000, -1.033604e+002,
22175625000, -1.037725e+002,
22175750000, -1.036644e+002,
22175875000, -1.031416e+002,
22176000000, -1.031101e+002,
22176125000, -1.038242e+002,
22176250000, -1.032599e+002,
22176375000, -1.028208e+002,
22176500000, -1.022529e+002,
22176625000, -1.038737e+002,
22176750000, -1.020523e+002,
22176875000, -1.028736e+002,
22177000000, -1.027046e+002,
22177125000, -1.030179e+002,
22177250000, -1.023729e+002,
22177375000, -1.030275e+002,
22177500000, -1.028889e+002,
22177625000, -1.023387e+002,
22177750000, -1.024068e+002,
22177875000, -1.024286e+002,
22178000000, -1.033821e+002,
22178125000, -1.037932e+002,
22178250000, -1.026002e+002,
22178375000, -1.036468e+002,
22178500000, -1.023742e+002,
22178625000, -1.045078e+002,
22178750000, -1.029161e+002,
22178875000, -1.044675e+002,
22179000000, -1.035727e+002,
22179125000, -1.034209e+002,
22179250000, -1.020444e+002,
22179375000, -1.031335e+002,
22179500000, -1.052446e+002,
22179625000, -1.044391e+002,
22179750000, -1.034226e+002,
22179875000, -1.034732e+002,
22180000000, -1.025041e+002,
22180125000, -1.031589e+002,
22180250000, -1.017345e+002,
22180375000, -1.020797e+002,
22180500000, -1.031638e+002,
22180625000, -1.029671e+002,
22180750000, -1.038690e+002,
22180875000, -1.034549e+002,
22181000000, -1.021773e+002,
22181125000, -1.031153e+002,
22181250000, -1.024998e+002,
22181375000, -1.027788e+002,
22181500000, -1.035096e+002,
22181625000, -1.025168e+002,
22181750000, -1.040719e+002,
22181875000, -1.029309e+002,
22182000000, -1.033065e+002,
22182125000, -1.048222e+002,
22182250000, -1.034127e+002,
22182375000, -1.027917e+002,
22182500000, -1.048005e+002,
22182625000, -1.018997e+002,
22182750000, -1.019859e+002,
22182875000, -1.037128e+002,
22183000000, -1.040112e+002,
22183125000, -1.030272e+002,
22183250000, -1.026053e+002,
22183375000, -1.025695e+002,
22183500000, -1.032812e+002,
22183625000, -1.033658e+002,
22183750000, -1.022560e+002,
22183875000, -1.026453e+002,
22184000000, -1.036065e+002,
22184125000, -1.026879e+002,
22184250000, -1.027757e+002,
22184375000, -1.028540e+002,
22184500000, -1.027940e+002,
22184625000, -1.019778e+002,
22184750000, -1.041590e+002,
22184875000, -1.038139e+002,
22185000000, -1.044037e+002,
22185125000, -1.034684e+002,
22185250000, -1.042687e+002,
22185375000, -1.034609e+002,
22185500000, -1.031902e+002,
22185625000, -1.034732e+002,
22185750000, -1.023726e+002,
22185875000, -1.033433e+002,
22186000000, -1.031964e+002,
22186125000, -1.040220e+002,
22186250000, -1.013609e+002,
22186375000, -1.016875e+002,
22186500000, -1.024296e+002,
22186625000, -1.022115e+002,
22186750000, -1.044794e+002,
22186875000, -1.025862e+002,
22187000000, -1.018761e+002,
22187125000, -1.036762e+002,
22187250000, -1.033578e+002,
22187375000, -1.035878e+002,
22187500000, -1.028580e+002,
22187625000, -1.042231e+002,
22187750000, -1.033310e+002,
22187875000, -1.017877e+002,
22188000000, -1.029816e+002,
22188125000, -1.038569e+002,
22188250000, -1.020958e+002,
22188375000, -1.027737e+002,
22188500000, -1.032046e+002,
22188625000, -1.044110e+002,
22188750000, -1.043992e+002,
22188875000, -1.033825e+002,
22189000000, -1.031370e+002,
22189125000, -1.033373e+002,
22189250000, -1.052650e+002,
22189375000, -1.033538e+002,
22189500000, -1.044585e+002,
22189625000, -1.027897e+002,
22189750000, -1.024013e+002,
22189875000, -1.035391e+002,
22190000000, -1.022833e+002,
22190125000, -1.034439e+002,
22190250000, -1.039329e+002,
22190375000, -1.038183e+002,
22190500000, -1.034563e+002,
22190625000, -1.012343e+002,
22190750000, -1.030874e+002,
22190875000, -1.027697e+002,
22191000000, -1.026768e+002,
22191125000, -1.034306e+002,
22191250000, -1.026926e+002,
22191375000, -1.031948e+002,
22191500000, -1.041401e+002,
22191625000, -1.030745e+002,
22191750000, -1.033520e+002,
22191875000, -1.037667e+002,
22192000000, -1.033257e+002,
22192125000, -1.024210e+002,
22192250000, -1.017368e+002,
22192375000, -1.040124e+002,
22192500000, -1.020609e+002,
22192625000, -1.039468e+002,
22192750000, -1.024629e+002,
22192875000, -1.034537e+002,
22193000000, -1.030753e+002,
22193125000, -1.032680e+002,
22193250000, -1.026444e+002,
22193375000, -1.018683e+002,
22193500000, -1.031087e+002,
22193625000, -1.023124e+002,
22193750000, -1.043143e+002,
22193875000, -1.029616e+002,
22194000000, -1.042226e+002,
22194125000, -1.040173e+002,
22194250000, -1.030186e+002,
22194375000, -1.030439e+002,
22194500000, -1.022626e+002,
22194625000, -1.033165e+002,
22194750000, -1.048005e+002,
22194875000, -1.033027e+002,
22195000000, -1.034500e+002,
22195125000, -1.035926e+002,
22195250000, -1.031547e+002,
22195375000, -1.027865e+002,
22195500000, -1.034930e+002,
22195625000, -1.021888e+002,
22195750000, -1.035106e+002,
22195875000, -1.025612e+002,
22196000000, -1.050141e+002,
22196125000, -1.019900e+002,
22196250000, -1.030005e+002,
22196375000, -1.032493e+002,
22196500000, -1.025900e+002,
22196625000, -1.035371e+002,
22196750000, -1.029379e+002,
22196875000, -1.034728e+002,
22197000000, -1.032222e+002,
22197125000, -1.026390e+002,
22197250000, -1.024370e+002,
22197375000, -1.035476e+002,
22197500000, -1.022813e+002,
22197625000, -1.024328e+002,
22197750000, -1.045996e+002,
22197875000, -1.040356e+002,
22198000000, -1.026081e+002,
22198125000, -1.029871e+002,
22198250000, -1.026148e+002,
22198375000, -1.023507e+002,
22198500000, -1.048388e+002,
22198625000, -1.034009e+002,
22198750000, -1.040295e+002,
22198875000, -1.030365e+002,
22199000000, -1.021499e+002,
22199125000, -1.038091e+002,
22199250000, -1.027472e+002,
22199375000, -1.032996e+002,
22199500000, -1.027427e+002,
22199625000, -1.025673e+002,
22199750000, -1.015781e+002,
22199875000, -1.041416e+002,
22200000000, -1.037197e+002,
